id	display_name	y_coord	r2t_val	match_type	GC_all	p1_ATP6	p2_ATP6	p4_ATP8	p5_ATP8	p7_COX1	p8_COX1	p10_COX2	p11_COX2	p13_COX3	p14_COX3	p16_CYTB	p17_CYTB	p19_ND1	p20_ND1	p22_ND2	p23_ND2	p25_ND3	p26_ND3	p28_ND4L	p29_ND4L	p31_ND4	p32_ND4	p34_ND5	p35_ND5	p37_ND6	p38_ND6	p40_rrnl	p41_rrns
NC_082459.1_Dippun	NC 082459.1 Dippun	0	1.0551589799	exact_or_mapped	0.3019513332815051	0.36283185840707965	0.37168141592920356	0.21153846153846154	0.3076923076923077	0.455078125	0.408203125	0.3991228070175439	0.34210526315789475	0.4448669201520912	0.3816793893129771	0.3994708994708995	0.34656084656084657	0.2607260726072607	0.3432343234323432	0.29239766081871343	0.34502923976608185	0.3559322033898305	0.3135593220338983	0.1595744680851064	0.30851063829787234	0.34606741573033706	0.31910112359550563	0.3220035778175313	0.21505376344086022	0.2804878048780488	0.2804878048780488	0.2608695652173913	0.27631578947368424
NC_012901.1_Blager	NC 012901.1 Blager	1	0.8764857449000001	exact_or_mapped	0.25804700224928256	0.3141592920353982	0.37610619469026546	0.1320754716981132	0.33962264150943394	0.4296875	0.408203125	0.3991228070175439	0.33771929824561403	0.40304182509505704	0.37404580152671757	0.3783068783068783	0.35185185185185186	0.08250825082508251	0.3432343234323432	0.24269005847953215	0.34502923976608185	0.2966101694915254	0.2966101694915254	0.07446808510638298	0.26595744680851063	0.33183856502242154	0.2556053811659193	0.29695885509839	0.07706093189964158	0.23493975903614459	0.26506024096385544	0.23854069223573432	0.27284595300261094
NC_014274.1_Eupsin	NC 014274.1 Eupsin	2	1.1085982735	exact_or_mapped	0.2890704006223259	0.27876106194690264	0.3584070796460177	0.17307692307692307	0.25	0.4296875	0.40234375	0.3392070484581498	0.3392070484581498	0.39543726235741444	0.37404580152671757	0.40476190476190477	0.35809018567639256	0.20666666666666667	0.33	0.29411764705882354	0.35294117647058826	0.3220338983050847	0.358974358974359	0.15217391304347827	0.2608695652173913	0.34080717488789236	0.26905829596412556	0.2898032200357782	0.1971326164874552	0.30246913580246915	0.2654320987654321	0.26933830382106244	0.2777053455019557
NC_039940.1_Perbru	NC 039940.1 Perbru	3	0.8659530695	exact_or_mapped	0.25991462941404736	0.3185840707964602	0.36283185840707965	0.1509433962264151	0.18867924528301888	0.4296875	0.4140625	0.39473684210526316	0.32894736842105265	0.40304182509505704	0.37786259541984735	0.3994708994708995	0.3544973544973545	0.1353135313531353	0.3432343234323432	0.21929824561403508	0.34210526315789475	0.2966101694915254	0.3644067796610169	0.10638297872340426	0.24468085106382978	0.3438202247191011	0.25617977528089886	0.2826475849731664	0.08960573476702509	0.24096385542168675	0.2469879518072289	0.23854069223573432	0.25098554533508544
NC_037496.1_Crymer	NC 037496.1 Crymer	4	1.0930512016999998	exact_or_mapped	0.26650100947352073	0.35398230088495575	0.37168141592920356	0.16981132075471697	0.2830188679245283	0.44140625	0.4140625	0.39473684210526316	0.34210526315789475	0.39923954372623577	0.37404580152671757	0.36772486772486773	0.3439153439153439	0.1419141914191419	0.33993399339933994	0.2099125364431487	0.31486880466472306	0.2966101694915254	0.3389830508474576	0.10638297872340426	0.2553191489361702	0.3295964125560538	0.273542600896861	0.2772808586762075	0.10931899641577061	0.22289156626506024	0.2891566265060241	0.24953095684803	0.2632978723404255
NC_018120.1_Masdar	NC 018120.1 Masdar	5	1.1499242427	exact_or_mapped	0.32838950147538437	0.3893805309734513	0.34513274336283184	0.2641509433962264	0.24528301886792453	0.447265625	0.41015625	0.4166666666666667	0.3508771929824561	0.44106463878326996	0.40076335877862596	0.42857142857142855	0.35543766578249336	0.264026402640264	0.32673267326732675	0.34110787172011664	0.36257309941520466	0.3644067796610169	0.3559322033898305	0.2553191489361702	0.2765957446808511	0.3542600896860987	0.29596412556053814	0.3220035778175313	0.23297491039426524	0.33540372670807456	0.2919254658385093	0.31127679403541475	0.3228346456692913
NC_015800.1_Copfor	NC 015800.1 Copfor	6	1.327561406	exact_or_mapped	0.35117839862650224	0.415929203539823	0.36283185840707965	0.16981132075471697	0.3584905660377358	0.474609375	0.419921875	0.47368421052631576	0.3815789473684211	0.4790874524714829	0.42366412213740456	0.47354497354497355	0.38461538461538464	0.28052805280528054	0.3432343234323432	0.36151603498542273	0.37317784256559766	0.3813559322033898	0.3898305084745763	0.2553191489361702	0.30851063829787234	0.38288288288288286	0.35585585585585583	0.34525939177101966	0.27956989247311825	0.3105590062111801	0.30434782608695654	0.30726256983240224	0.349002849002849
NC_009499.1_Retsan	NC 009499.1 Retsan	7	1.3598873658000001	exact_or_mapped	0.35223019338739864	0.3805309734513274	0.3584070796460177	0.24528301886792453	0.3018867924528302	0.462890625	0.41796875	0.4473684210526316	0.37719298245614036	0.467680608365019	0.4312977099236641	0.47745358090185674	0.4005305039787798	0.29042904290429045	0.33663366336633666	0.3673469387755102	0.3819241982507289	0.3474576271186441	0.3728813559322034	0.2553191489361702	0.30851063829787234	0.3834080717488789	0.3721973094170404	0.3488372093023256	0.27956989247311825	0.2857142857142857	0.32298136645962733	0.3240223463687151	0.33804809052333806
MG888455.1_Metspl	MG888455.1 Metspl	8	1.0842554596	exact_or_mapped	0.26813169746855103	0.26991150442477874	0.36283185840707965	0.11320754716981132	0.2830188679245283	0.421875	0.408203125	0.3815789473684211	0.33771929824561403	0.367816091954023	0.36538461538461536	0.3439153439153439	0.35278514588859416	0.1353135313531353	0.33003300330033003	0.2785923753665689	0.31085043988269795	0.3220338983050847	0.3135593220338983	0.20212765957446807	0.2553191489361702	0.32286995515695066	0.2757847533632287	0.26475849731663686	0.12544802867383512	0.30303030303030304	0.2909090909090909	0.2479030754892824	0.25984251968503935
KX434871.1_Metspe	KX434871.1 Metspe	9	1.0438366392	exact_or_mapped	0.27055449330783937	0.3008849557522124	0.37610619469026546	0.22641509433962265	0.24528301886792453	0.431640625	0.392578125	0.36403508771929827	0.33771929824561403	0.36398467432950193	0.36153846153846153	0.36243386243386244	0.35978835978835977	0.15181518151815182	0.3201320132013201	0.24633431085043989	0.31378299120234604	0.3220338983050847	0.288135593220339	0.20212765957446807	0.2553191489361702	0.30493273542600896	0.26681614349775784	0.2808586762075134	0.13799283154121864	0.2545454545454545	0.2909090909090909	0.24976700838769805	0.26036866359447003
MK400676.1_Erespe	MK400676.1 Erespe	10	0.9511478708000001	exact_or_mapped	0.2421583850931677	0.3008849557522124	0.35398230088495575	0.1320754716981132	0.1509433962264151	0.3984375	0.40234375	0.38596491228070173	0.32894736842105265	0.3650190114068441	0.3702290076335878	0.3783068783068783	0.3439153439153439	0.10561056105610561	0.33003300330033003	0.195906432748538	0.31871345029239767	0.2711864406779661	0.3389830508474576	0.06382978723404255	0.26595744680851063	0.30493273542600896	0.2600896860986547	0.25268817204301075	0.10053859964093358	0.21212121212121213	0.23636363636363636	0.20670391061452514	0.22281167108753316
OM910846.1_Carspe	OM910846.1 Carspe	11	1.4649817837	exact_or_mapped	0.2651998134038252	0.2831858407079646	0.33185840707964603	0.11320754716981132	0.2830188679245283	0.431640625	0.390625	0.42543859649122806	0.33771929824561403	0.35361216730038025	0.4122137404580153	0.37329700272479566	0.35149863760217986	0.132013201320132	0.30363036303630364	0.28152492668621704	0.3255131964809384	0.2627118644067797	0.3728813559322034	0.14893617021276595	0.26595744680851063	0.3076923076923077	0.27601809954751133	0.2701252236135957	0.11827956989247312	0.25903614457831325	0.25903614457831325	0.24860335195530725	0.25096525096525096
KY689130.1_Haaspe	KY689130.1 Haaspe	12	1.2807163447	exact_or_mapped	0.23382510508530455	0.26339285714285715	0.32142857142857145	0.11320754716981132	0.16981132075471697	0.40625	0.380859375	0.34210526315789475	0.3201754385964912	0.3371647509578544	0.36153846153846153	0.3492063492063492	0.31216931216931215	0.08250825082508251	0.3211920529801324	0.20095693779904306	0.2403846153846154	0.2542372881355932	0.288135593220339	0.08695652173913043	0.2391304347826087	0.2905405405405405	0.24549549549549549	0.25089605734767023	0.10053859964093358	0.22289156626506024	0.25903614457831325	0.20670391061452514	0.23653395784543327
KX434845.1_Haavit	KX434845.1 Haavit	13	1.3093289318	exact_or_mapped	0.2213991076689957	0.24107142857142858	0.3169642857142857	0.1509433962264151	0.1509433962264151	0.390625	0.3828125	0.33771929824561403	0.3157894736842105	0.30038022813688214	0.3473282442748092	0.31216931216931215	0.31746031746031744	0.0891089108910891	0.31683168316831684	0.12173913043478261	0.23478260869565218	0.2796610169491525	0.3135593220338983	0.1276595744680851	0.23404255319148937	0.3002257336343115	0.24153498871331827	0.22182468694096602	0.05555555555555555	0.21084337349397592	0.2710843373493976	0.18825722273998136	0.25
OM202562.1_Mirspe	OM202562.1 Mirspe	14	1.1460342946000002	exact_or_mapped	0.25627070515854233	0.3185840707964602	0.34513274336283184	0.11320754716981132	0.32075471698113206	0.4375	0.408203125	0.40350877192982454	0.34210526315789475	0.38022813688212925	0.37786259541984735	0.3862433862433862	0.34656084656084657	0.0891089108910891	0.3201320132013201	0.2565597667638484	0.33527696793002915	0.3050847457627119	0.3135593220338983	0.11702127659574468	0.2553191489361702	0.3235955056179775	0.2757847533632287	0.2737030411449016	0.08960573476702509	0.2634730538922156	0.25748502994011974	0.22786304604486424	0.22395833333333334
KY689126.1_Calspe	KY689126.1 Calspe	15	1.134272039	exact_or_mapped	0.24323066180463962	0.3008849557522124	0.3230088495575221	0.1320754716981132	0.20754716981132076	0.419921875	0.404296875	0.37280701754385964	0.3333333333333333	0.33840304182509506	0.366412213740458	0.35714285714285715	0.335978835978836	0.08250825082508251	0.32673267326732675	0.239067055393586	0.3206997084548105	0.2627118644067797	0.288135593220339	0.10638297872340426	0.22340425531914893	0.3130630630630631	0.26741573033707866	0.25760286225402507	0.06989247311827956	0.2275449101796407	0.23952095808383234	0.2169459962756052	0.22913907284768212
KX434826.1_Brubor	KX434826.1 Brubor	16	0.9172527841	exact_or_mapped	0.24780480223793613	0.3008849557522124	0.36283185840707965	0.1509433962264151	0.18867924528301888	0.40234375	0.404296875	0.39035087719298245	0.33771929824561403	0.39543726235741444	0.3969465648854962	0.3835978835978836	0.3386243386243386	0.09900990099009901	0.3201320132013201	0.23684210526315788	0.3216374269005848	0.2711864406779661	0.3474576271186441	0.1276595744680851	0.2553191489361702	0.30269058295964124	0.2600896860986547	0.27549194991055453	0.08602150537634409	0.20481927710843373	0.2469879518072289	0.21361940298507462	0.2381596752368065
PV564197.1_Pselob	PV564197.1 Pselob	17	1.184267451	exact_or_mapped	0.24063590538968593	0.28761061946902655	0.34513274336283184	0.1320754716981132	0.18867924528301888	0.40234375	0.39453125	0.3656387665198238	0.33480176211453744	0.34600760456273766	0.36259541984732824	0.37566137566137564	0.3386243386243386	0.132013201320132	0.31683168316831684	0.2565597667638484	0.282798833819242	0.2457627118644068	0.3474576271186441	0.06382978723404255	0.22340425531914893	0.30493273542600896	0.25112107623318386	0.2558139534883721	0.07347670250896057	0.2215568862275449	0.23353293413173654	0.21082089552238806	0.23490813648293962
KX434844.1_Decspe	KX434844.1 Decspe	18	1.1456381059	exact_or_mapped	0.23619846261355695	0.2920353982300885	0.3495575221238938	0.11320754716981132	0.18867924528301888	0.419921875	0.392578125	0.34801762114537443	0.34513274336283184	0.33840304182509506	0.3435114503816794	0.35714285714285715	0.3439153439153439	0.0627062706270627	0.3201320132013201	0.21052631578947367	0.30116959064327486	0.2542372881355932	0.3474576271186441	0.09574468085106383	0.23404255319148937	0.30269058295964124	0.257847533632287	0.2558139534883721	0.07347670250896057	0.20958083832335328	0.2275449101796407	0.19981325863678806	0.2247340425531915
NC_077477.1_Rapfus	NC 077477.1 Rapfus	19	1.0738613210999999	exact_or_mapped	0.23836487744337573	0.27876106194690264	0.3407079646017699	0.05660377358490566	0.32075471698113206	0.416015625	0.3953033268101761	0.3815789473684211	0.32456140350877194	0.3650190114068441	0.3435114503816794	0.36507936507936506	0.335978835978836	0.0594059405940594	0.3234323432343234	0.24489795918367346	0.3032069970845481	0.2288135593220339	0.2966101694915254	0.09574468085106383	0.26595744680851063	0.31614349775784756	0.2757847533632287	0.26833631484794274	0.06093189964157706	0.2275449101796407	0.2215568862275449	0.2169459962756052	0.23809523809523808
NC_077476.1_Caldia	NC 077476.1 Caldia	20	1.1109591058	exact_or_mapped	0.2529252227818675	0.29646017699115046	0.3407079646017699	0.16981132075471697	0.33962264150943394	0.416015625	0.408203125	0.37719298245614036	0.34649122807017546	0.35361216730038025	0.3435114503816794	0.3862433862433862	0.3386243386243386	0.10561056105610561	0.33663366336633666	0.26822157434402333	0.3206997084548105	0.2457627118644068	0.3135593220338983	0.1276595744680851	0.2553191489361702	0.3251121076233184	0.2825112107623318	0.27191413237924866	0.08602150537634409	0.2155688622754491	0.2275449101796407	0.23277467411545624	0.2333767926988266
KX434843.1_Acomul	KX434843.1 Acomul	21	1.0684855169	exact_or_mapped	0.23500659477073474	0.2743362831858407	0.34513274336283184	0.11320754716981132	0.2830188679245283	0.41796875	0.408203125	0.37719298245614036	0.32894736842105265	0.3650190114068441	0.366412213740458	0.38095238095238093	0.3386243386243386	0.0594059405940594	0.3201320132013201	0.25072886297376096	0.3206997084548105	0.2457627118644068	0.3504273504273504	0.07446808510638298	0.24468085106382978	0.32062780269058294	0.25112107623318386	0.2522361359570662	0.05197132616487455	0.18562874251497005	0.23952095808383234	0.21880819366852886	0.22281167108753316
KX091854.1_Spiocc2	KX091854.1 Spiocc2	22	0.9215585403000001	exact_or_mapped	0.24532402017850213	0.28761061946902655	0.35398230088495575	0.09433962264150944	0.22641509433962265	0.412109375	0.40625	0.41228070175438597	0.33771929824561403	0.38783269961977185	0.37786259541984735	0.373015873015873	0.3492063492063492	0.09570957095709572	0.32673267326732675	0.239067055393586	0.3206997084548105	0.2542372881355932	0.2966101694915254	0.0425531914893617	0.26595744680851063	0.3251121076233184	0.2623318385650224	0.26833631484794274	0.07885304659498207	0.19760479041916168	0.2275449101796407	0.21808014911463186	0.22593582887700533
NC_086818.1_Amawuz	NC 086818.1 Amawuz	23	0.8449597458	exact_or_mapped	0.24866372298396466	0.3008849557522124	0.3672566371681416	0.1320754716981132	0.2641509433962264	0.416015625	0.408203125	0.40350877192982454	0.35964912280701755	0.3726235741444867	0.3702290076335878	0.3968253968253968	0.3412698412698413	0.06930693069306931	0.3201320132013201	0.23323615160349853	0.3469387755102041	0.2966101694915254	0.3474576271186441	0.09574468085106383	0.2765957446808511	0.31614349775784756	0.273542600896861	0.2808586762075134	0.07347670250896057	0.21818181818181817	0.23030303030303031	0.22532588454376165	0.2175032175032175
NC_037203.1_Amanaw	NC 037203.1 Amanaw	24	0.8561112854	exact_or_mapped	0.25131864722308406	0.30973451327433627	0.3672566371681416	0.11320754716981132	0.2830188679245283	0.4140625	0.404296875	0.39035087719298245	0.35964912280701755	0.3650190114068441	0.37404580152671757	0.3968253968253968	0.3492063492063492	0.06930693069306931	0.3201320132013201	0.2303206997084548	0.3469387755102041	0.288135593220339	0.3305084745762712	0.10638297872340426	0.2765957446808511	0.30786516853932583	0.273542600896861	0.26833631484794274	0.07526881720430108	0.21212121212121213	0.22424242424242424	0.2206703910614525	0.22470433639947437
KX434816.1_Spiocc	KX434816.1 Spiocc	25	0.8616669705	exact_or_mapped	0.23180195561074035	0.2831858407079646	0.3584070796460177	0.11320754716981132	0.2641509433962264	0.39453125	0.400390625	0.37719298245614036	0.32456140350877194	0.38783269961977185	0.37404580152671757	0.37566137566137564	0.3333333333333333	0.0594059405940594	0.3201320132013201	0.1924198250728863	0.33527696793002915	0.3135593220338983	0.3135593220338983	0.07446808510638298	0.2765957446808511	0.3116591928251121	0.257847533632287	0.24686940966010734	0.06989247311827956	0.17365269461077845	0.2155688622754491	0.20577281191806332	0.20989304812834225
OM177664.1_Gonspe	OM177664.1 Gonspe	26	0.8834061962	exact_or_mapped	0.2432705772522172	0.28761061946902655	0.35398230088495575	0.07547169811320754	0.20754716981132076	0.390625	0.3984375	0.37719298245614036	0.34649122807017546	0.3726235741444867	0.3549618320610687	0.37037037037037035	0.328042328042328	0.10231023102310231	0.32673267326732675	0.2303206997084548	0.3236151603498542	0.3220338983050847	0.3050847457627119	0.0851063829787234	0.2553191489361702	0.3071748878923767	0.2645739910313901	0.25402504472271914	0.0913978494623656	0.20958083832335328	0.24550898203592814	0.22145669291338582	0.22997416020671835
NC_086831.1_Gonbru	NC 086831.1 Gonbru	27	0.9031725179	exact_or_mapped	0.2423514832313531	0.29646017699115046	0.34513274336283184	0.11320754716981132	0.22641509433962265	0.416015625	0.404296875	0.40350877192982454	0.34210526315789475	0.39923954372623577	0.36259541984732824	0.37037037037037035	0.3306878306878307	0.09570957095709572	0.3234323432343234	0.21282798833819241	0.3323615160349854	0.3305084745762712	0.3050847457627119	0.0851063829787234	0.26595744680851063	0.3116591928251121	0.2623318385650224	0.25760286225402507	0.06451612903225806	0.19760479041916168	0.23353293413173654	0.21601489757914338	0.22121604139715395
OM202561.1_Sinspe	OM202561.1 Sinspe	28	1.043266795	exact_or_mapped	0.23779919179359651	0.3008849557522124	0.3185840707964602	0.1320754716981132	0.20754716981132076	0.41796875	0.384765625	0.37280701754385964	0.3157894736842105	0.3650190114068441	0.3549618320610687	0.3492063492063492	0.3253968253968254	0.07590759075907591	0.3234323432343234	0.23939393939393938	0.31212121212121213	0.29310344827586204	0.3103448275862069	0.07446808510638298	0.2553191489361702	0.31981981981981983	0.25675675675675674	0.24865831842576028	0.07706093189964158	0.16766467065868262	0.20958083832335328	0.20763500931098697	0.20512820512820512
MG888464.1_Singua	MG888464.1 Singua	29	1.0712640595	exact_or_mapped	0.2229536126384264	0.28761061946902655	0.3230088495575221	0.09433962264150944	0.24528301886792453	0.408203125	0.38671875	0.3508771929824561	0.30701754385964913	0.3231939163498099	0.3473282442748092	0.328042328042328	0.32275132275132273	0.04950495049504951	0.3201320132013201	0.20527859237536658	0.3058823529411765	0.2627118644067797	0.3220338983050847	0.07446808510638298	0.23404255319148937	0.3094170403587444	0.23318385650224216	0.23971377459749552	0.043010752688172046	0.16167664670658682	0.20958083832335328	0.20949720670391062	0.2087067861715749
KX434860.1_Singra	KX434860.1 Singra	30	1.0714592063000001	exact_or_mapped	0.22256664600123993	0.28761061946902655	0.3230088495575221	0.09433962264150944	0.24528301886792453	0.408203125	0.38671875	0.3508771929824561	0.30701754385964913	0.3231939163498099	0.3473282442748092	0.328042328042328	0.3201058201058201	0.04950495049504951	0.3201320132013201	0.20527859237536658	0.30498533724340177	0.2627118644067797	0.3220338983050847	0.07446808510638298	0.23404255319148937	0.30493273542600896	0.23318385650224216	0.23971377459749552	0.03942652329749104	0.16167664670658682	0.20958083832335328	0.20949720670391062	0.20881971465629054
OM202563.1_Arrpal2	OM202563.1 Arrpal2	31	0.9463879258	exact_or_mapped	0.22475216852540272	0.2610619469026549	0.3185840707964602	0.11320754716981132	0.18867924528301888	0.39453125	0.388671875	0.35964912280701755	0.3201754385964912	0.3231939163498099	0.3320610687022901	0.3439153439153439	0.3201058201058201	0.07590759075907591	0.3234323432343234	0.22157434402332363	0.3032069970845481	0.23728813559322035	0.3135593220338983	0.0851063829787234	0.23404255319148937	0.289237668161435	0.24663677130044842	0.23434704830053668	0.05555555555555555	0.1566265060240964	0.22289156626506024	0.20949720670391062	0.2175032175032175
NC_086828.1_Arrbre	NC 086828.1 Arrbre	32	0.9636316178000001	exact_or_mapped	0.2282793867120954	0.2831858407079646	0.3230088495575221	0.09433962264150944	0.22641509433962265	0.396484375	0.39453125	0.3508771929824561	0.31140350877192985	0.33079847908745247	0.33587786259541985	0.3412698412698413	0.3253968253968254	0.06930693069306931	0.33003300330033003	0.24198250728862974	0.3032069970845481	0.2627118644067797	0.3135593220338983	0.0851063829787234	0.2553191489361702	0.2937219730941704	0.23318385650224216	0.259391771019678	0.053763440860215055	0.18562874251497005	0.2275449101796407	0.20763500931098697	0.19974226804123713
NC_086829.1_Arrpur	NC 086829.1 Arrpur	33	0.9741616957	exact_or_mapped	0.22891006274692074	0.26991150442477874	0.3230088495575221	0.16981132075471697	0.20754716981132076	0.39453125	0.400390625	0.35526315789473684	0.3157894736842105	0.33840304182509506	0.3435114503816794	0.3439153439153439	0.3306878306878307	0.06930693069306931	0.32673267326732675	0.2478134110787172	0.3177842565597668	0.2457627118644068	0.3305084745762712	0.07446808510638298	0.2553191489361702	0.29596412556053814	0.242152466367713	0.24686940966010734	0.03942652329749104	0.18562874251497005	0.2215568862275449	0.2048417132216015	0.21141374837872892
NC_051892.1_Arrpal	NC 051892.1 Arrpal	34	0.9749873099999999	exact_or_mapped	0.22541427907697073	0.28761061946902655	0.3185840707964602	0.1509433962264151	0.20754716981132076	0.388671875	0.40234375	0.34210526315789475	0.3201754385964912	0.34600760456273766	0.35877862595419846	0.35185185185185186	0.328042328042328	0.08250825082508251	0.3333333333333333	0.23615160349854228	0.29737609329446063	0.2288135593220339	0.3135593220338983	0.0425531914893617	0.2553191489361702	0.30493273542600896	0.23542600896860988	0.24329159212880144	0.04838709677419355	0.17365269461077845	0.2155688622754491	0.20204841713221602	0.20876288659793815
MG888453.1_Leplac	MG888453.1 Leplac	35	1.0108406961999998	exact_or_mapped	0.25824941905499615	0.3185840707964602	0.3495575221238938	0.18867924528301888	0.2830188679245283	0.4140625	0.408203125	0.39035087719298245	0.34210526315789475	0.38783269961977185	0.38549618320610685	0.4126984126984127	0.3492063492063492	0.10561056105610561	0.3333333333333333	0.28362573099415206	0.3460410557184751	0.3220338983050847	0.3050847457627119	0.010638297872340425	0.2765957446808511	0.31390134529147984	0.2623318385650224	0.26475849731663686	0.0985663082437276	0.23353293413173654	0.23952095808383234	0.22439478584729983	0.25773195876288657
OM202571.1_Lepspe	OM202571.1 Lepspe	36	1.0212562749999998	exact_or_mapped	0.2844633862843859	0.37610619469026546	0.3584070796460177	0.18867924528301888	0.4339622641509434	0.419921875	0.40625	0.4298245614035088	0.3508771929824561	0.39923954372623577	0.38549618320610685	0.4470899470899471	0.3439153439153439	0.15841584158415842	0.33663366336633666	0.2857142857142857	0.3673469387755102	0.3305084745762712	0.3220338983050847	0.1276595744680851	0.2978723404255319	0.3273542600896861	0.2757847533632287	0.31663685152057247	0.16845878136200718	0.24550898203592814	0.2634730538922156	0.2383612662942272	0.25945241199478486
OK480879.1_Lepton	OK480879.1 Lepton	37	1.0209484196999998	exact_or_mapped	0.26959443619598344	0.3407079646017699	0.35398230088495575	0.18867924528301888	0.32075471698113206	0.41015625	0.408203125	0.42543859649122806	0.35964912280701755	0.38022813688212925	0.3816793893129771	0.42328042328042326	0.3492063492063492	0.132013201320132	0.32673267326732675	0.2886297376093295	0.3498542274052478	0.2966101694915254	0.3050847457627119	0.11702127659574468	0.2978723404255319	0.31614349775784756	0.2623318385650224	0.2844364937388193	0.11827956989247312	0.2795031055900621	0.2546583850931677	0.22811918063314712	0.2481536189069424
NC_024028.1_Lepalb	NC 024028.1 Lepalb	38	1.0357533387999998	exact_or_mapped	0.2725698543880362	0.33185840707964603	0.3495575221238938	0.18867924528301888	0.3018867924528302	0.40625	0.40625	0.43859649122807015	0.35964912280701755	0.3840304182509506	0.37786259541984735	0.42592592592592593	0.3492063492063492	0.1782178217821782	0.3234323432343234	0.3032069970845481	0.3538011695906433	0.3125	0.32142857142857145	0.2191780821917808	0.273972602739726	0.3183856502242152	0.25112107623318386	0.27191413237924866	0.12544802867383512	0.27848101265822783	0.25316455696202533	0.23299161230195714	0.2529585798816568
NC_037206.1_Scesim	NC 037206.1 Scesim	39	0.8347339928999999	exact_or_mapped	0.27242421893170016	0.3008849557522124	0.36283185840707965	0.18867924528301888	0.3584905660377358	0.4296875	0.40625	0.42543859649122806	0.3684210526315789	0.41825095057034223	0.3816793893129771	0.43386243386243384	0.3544973544973545	0.1353135313531353	0.33003300330033003	0.282798833819242	0.3469387755102041	0.3474576271186441	0.3389830508474576	0.11702127659574468	0.2765957446808511	0.3116591928251121	0.2757847533632287	0.27906976744186046	0.1039426523297491	0.2155688622754491	0.25149700598802394	0.24953445065176907	0.2614980289093298
NC_051490.1_Plibim	NC 051490.1 Plibim	40	1.0400299592	exact_or_mapped	0.2795440446650124	0.34513274336283184	0.3584070796460177	0.20754716981132076	0.20754716981132076	0.419921875	0.4070450097847358	0.40350877192982454	0.3684210526315789	0.39543726235741444	0.37404580152671757	0.4126984126984127	0.3333333333333333	0.15181518151815182	0.33003300330033003	0.31486880466472306	0.3498542274052478	0.3050847457627119	0.3389830508474576	0.14893617021276595	0.2872340425531915	0.3251121076233184	0.31390134529147984	0.29338103756708406	0.13440860215053763	0.2694610778443114	0.2694610778443114	0.24953445065176907	0.25263157894736843
KX434810.1_Miryun	KX434810.1 Miryun	41	1.040646467	exact_or_mapped	0.2794623319787434	0.34513274336283184	0.3584070796460177	0.20754716981132076	0.22641509433962265	0.419921875	0.4070450097847358	0.3991228070175439	0.3684210526315789	0.39543726235741444	0.37404580152671757	0.41534391534391535	0.335978835978836	0.15181518151815182	0.33003300330033003	0.30994152046783624	0.3498542274052478	0.3050847457627119	0.3389830508474576	0.14893617021276595	0.2872340425531915	0.3251121076233184	0.31390134529147984	0.295169946332737	0.13440860215053763	0.2694610778443114	0.2694610778443114	0.24953445065176907	0.25718608169440244
NC_037205.1_Troten	NC 037205.1 Troten	42	0.9091045945999999	exact_or_mapped	0.26636130735191366	0.3185840707964602	0.3584070796460177	0.1509433962264151	0.3018867924528302	0.4207436399217221	0.4050880626223092	0.41228070175438597	0.3333333333333333	0.4220532319391635	0.38549618320610685	0.42592592592592593	0.3439153439153439	0.0924092409240924	0.3333333333333333	0.26239067055393583	0.3323615160349854	0.3305084745762712	0.3305084745762712	0.10638297872340426	0.2765957446808511	0.32062780269058294	0.29596412556053814	0.29338103756708406	0.0931899641577061	0.25748502994011974	0.25149700598802394	0.239292364990689	0.26273458445040215
NC_063851.1_Sinden	NC 063851.1 Sinden	43	0.9134180893999999	exact_or_mapped	0.2892331525948877	0.33185840707964603	0.3584070796460177	0.18867924528301888	0.33962264150943394	0.44140625	0.40234375	0.42105263157894735	0.36403508771929827	0.42366412213740456	0.3793103448275862	0.455026455026455	0.3492063492063492	0.12211221122112212	0.33003300330033003	0.27988338192419826	0.3498542274052478	0.3389830508474576	0.3389830508474576	0.0851063829787234	0.26595744680851063	0.31390134529147984	0.30269058295964124	0.3041144901610018	0.15591397849462366	0.2634730538922156	0.23952095808383234	0.2467411545623836	0.24903225806451612
NC_037208.1_Eomyun	NC 037208.1 Eomyun	44	0.9608464574	exact_or_mapped	0.26967251280459414	0.3466666666666667	0.37777777777777777	0.16981132075471697	0.2830188679245283	0.44422700587084146	0.410958904109589	0.4605263157894737	0.34210526315789475	0.4372623574144487	0.3931297709923664	0.4312169312169312	0.3439153439153439	0.1188118811881188	0.33003300330033003	0.27113702623906705	0.3323615160349854	0.3275862068965517	0.31896551724137934	0.10638297872340426	0.2765957446808511	0.31390134529147984	0.2600896860986547	0.26833631484794274	0.1039426523297491	0.2694610778443114	0.2155688622754491	0.24953445065176907	0.2710526315789474
KX434846.1_Amochi	KX434846.1 Amochi	45	1.2366436410000001	exact_or_mapped	0.2809616130283055	0.3230088495575221	0.3805309734513274	0.20754716981132076	0.24528301886792453	0.443359375	0.40234375	0.4166666666666667	0.34649122807017546	0.4198473282442748	0.3831417624521073	0.42063492063492064	0.34656084656084657	0.1617161716171617	0.3465346534653465	0.27405247813411077	0.3498542274052478	0.3135593220338983	0.3474576271186441	0.19148936170212766	0.2978723404255319	0.3183856502242152	0.27802690582959644	0.295169946332737	0.13440860215053763	0.2754491017964072	0.25748502994011974	0.26256983240223464	0.2381578947368421
NC_057070.1_Amohai	NC 057070.1 Amohai	46	1.2739378589	exact_or_mapped	0.2842088950875562	0.3495575221238938	0.36283185840707965	0.20754716981132076	0.2830188679245283	0.439453125	0.4050880626223092	0.4342105263157895	0.34649122807017546	0.40458015267175573	0.3831417624521073	0.42063492063492064	0.34656084656084657	0.1617161716171617	0.33993399339933994	0.27405247813411077	0.3519061583577713	0.3135593220338983	0.3474576271186441	0.13829787234042554	0.2872340425531915	0.32286995515695066	0.27802690582959644	0.3023255813953488	0.16487455197132617	0.25149700598802394	0.24550898203592814	0.25232774674115455	0.24387096774193548
MG888437.1_Amospe	MG888437.1 Amospe	47	1.2687619086000002	exact_or_mapped	0.29603223806571605	0.33185840707964603	0.37168141592920356	0.20754716981132076	0.32075471698113206	0.439453125	0.40234375	0.4298245614035088	0.3508771929824561	0.4312977099236641	0.3831417624521073	0.42857142857142855	0.3412698412698413	0.19471947194719472	0.3432343234323432	0.2857142857142857	0.36656891495601174	0.3474576271186441	0.3333333333333333	0.2127659574468085	0.30851063829787234	0.32286995515695066	0.2802690582959641	0.3112701252236136	0.17204301075268819	0.2694610778443114	0.25748502994011974	0.25512104283054005	0.2532299741602067
KX434858.1_Neobol	KX434858.1 Neobol	48	0.9164643038999998	exact_or_mapped	0.25397811068850423	0.2920353982300885	0.3584070796460177	0.11320754716981132	0.18867924528301888	0.423828125	0.404296875	0.39035087719298245	0.32894736842105265	0.41825095057034223	0.37786259541984735	0.42063492063492064	0.3439153439153439	0.0858085808580858	0.3234323432343234	0.2309941520467836	0.3304093567251462	0.288135593220339	0.3220338983050847	0.06382978723404255	0.26595744680851063	0.32062780269058294	0.26681614349775784	0.26118067978533094	0.07885304659498207	0.2275449101796407	0.24550898203592814	0.23370577281191807	0.25133689839572193
NC_069808.1_Cilhum	NC 069808.1 Cilhum	49	0.8802895257999999	exact_or_mapped	0.24013948082138706	0.3053097345132743	0.34513274336283184	0.11320754716981132	0.24528301886792453	0.412109375	0.400390625	0.36403508771929827	0.34649122807017546	0.37786259541984735	0.366412213740458	0.3888888888888889	0.3439153439153439	0.07920792079207921	0.31683168316831684	0.2478134110787172	0.3206997084548105	0.2711864406779661	0.3135593220338983	0.0851063829787234	0.26595744680851063	0.3183856502242152	0.257847533632287	0.23971377459749552	0.06451612903225806	0.18562874251497005	0.2275449101796407	0.21508379888268156	0.22916666666666666
NC_066978.1_Paragr	NC 066978.1 Paragr	50	0.9589315781999999	exact_or_mapped	0.2435718711276332	0.3008849557522124	0.3230088495575221	0.16981132075471697	0.3018867924528302	0.416015625	0.3984375	0.35964912280701755	0.34649122807017546	0.376425855513308	0.366412213740458	0.3968253968253968	0.3439153439153439	0.0891089108910891	0.3201320132013201	0.24489795918367346	0.3119533527696793	0.27350427350427353	0.3333333333333333	0.031914893617021274	0.26595744680851063	0.3183856502242152	0.24887892376681614	0.2616487455197133	0.06104129263913824	0.18562874251497005	0.2275449101796407	0.21135940409683426	0.23846153846153847
KX434817.1_Tausig	KX434817.1 Tausig	51	0.9424667466999999	exact_or_mapped	0.24817518248175183	0.27876106194690264	0.3274336283185841	0.09433962264150944	0.22641509433962265	0.41015625	0.40234375	0.40350877192982454	0.34210526315789475	0.40304182509505704	0.37404580152671757	0.3968253968253968	0.34656084656084657	0.09900990099009901	0.3234323432343234	0.239067055393586	0.3119533527696793	0.3050847457627119	0.2966101694915254	0.1276595744680851	0.26595744680851063	0.3251121076233184	0.2623318385650224	0.25760286225402507	0.08781362007168458	0.2215568862275449	0.2155688622754491	0.21730950141110067	0.24500665778961384
KX434808.1_Miocaf	KX434808.1 Miocaf	52	0.9400037265999999	exact_or_mapped	0.24315732340854462	0.2743362831858407	0.3672566371681416	0.1320754716981132	0.2641509433962264	0.40625	0.396484375	0.3684210526315789	0.34649122807017546	0.376425855513308	0.36259541984732824	0.3835978835978836	0.3492063492063492	0.09900990099009901	0.31683168316831684	0.23615160349854228	0.3119533527696793	0.3135593220338983	0.3135593220338983	0.06382978723404255	0.2765957446808511	0.31390134529147984	0.24887892376681614	0.2558139534883721	0.06989247311827956	0.2215568862275449	0.25748502994011974	0.2132216014897579	0.24110671936758893
NC_086827.1_Theoph	NC 086827.1 Theoph	53	1.2256557593	exact_or_mapped	0.29238995660260386	0.3230088495575221	0.3495575221238938	0.18867924528301888	0.2830188679245283	0.4375	0.3984375	0.42543859649122806	0.34649122807017546	0.4068441064638783	0.3816793893129771	0.43386243386243384	0.3492063492063492	0.1551155115511551	0.33003300330033003	0.29737609329446063	0.3236151603498542	0.3050847457627119	0.3305084745762712	0.2765957446808511	0.2765957446808511	0.3295964125560538	0.30269058295964124	0.3005366726296959	0.15770609318996415	0.25748502994011974	0.24550898203592814	0.26536312849162014	0.2793733681462141
NC_086832.1_Themac	NC 086832.1 Themac	54	1.2309607885999998	exact_or_mapped	0.29109509416414786	0.336283185840708	0.3407079646017699	0.24528301886792453	0.2830188679245283	0.4375	0.396484375	0.4166666666666667	0.35526315789473684	0.41064638783269963	0.3816793893129771	0.4497354497354497	0.35714285714285715	0.16501650165016502	0.3333333333333333	0.30903790087463556	0.3236151603498542	0.288135593220339	0.3389830508474576	0.24468085106382978	0.2765957446808511	0.33183856502242154	0.2937219730941704	0.3041144901610018	0.15412186379928317	0.2694610778443114	0.25149700598802394	0.2579143389199255	0.2679738562091503
KX434849.1_Themil	KX434849.1 Themil	55	1.2329704334999998	exact_or_mapped	0.2906681479130297	0.29646017699115046	0.35398230088495575	0.20754716981132076	0.2641509433962264	0.439453125	0.396484375	0.4298245614035088	0.3508771929824561	0.4068441064638783	0.37404580152671757	0.43915343915343913	0.35185185185185186	0.17491749174917492	0.33003300330033003	0.29737609329446063	0.3323615160349854	0.288135593220339	0.3418803418803419	0.19148936170212766	0.2765957446808511	0.34080717488789236	0.29596412556053814	0.3112701252236136	0.14695340501792115	0.2754491017964072	0.25149700598802394	0.260707635009311	0.27896995708154504
KU201314.1_Thespe	KU201314.1 Thespe	56	1.1676038907999997	exact_or_mapped	0.2974757281553398	0.3185840707964602	0.37610619469026546	0.22641509433962265	0.32075471698113206	0.435546875	0.40234375	0.42543859649122806	0.34649122807017546	0.4220532319391635	0.37786259541984735	0.46296296296296297	0.3439153439153439	0.18151815181518152	0.3333333333333333	0.3323615160349854	0.36151603498542273	0.3220338983050847	0.3418803418803419	0.13829787234042554	0.2978723404255319	0.336322869955157	0.2937219730941704	0.32021466905187834	0.17921146953405018	0.32335329341317365	0.2694610778443114	0.2635009310986965	0.2706359945872801
NC_030264.1_Humnad	NC 030264.1 Humnad	57	1.1848826477999999	exact_or_mapped	0.30686928205923397	0.34513274336283184	0.37610619469026546	0.2641509433962264	0.2830188679245283	0.4453125	0.404296875	0.4473684210526316	0.35964912280701755	0.4296577946768061	0.38549618320610685	0.4417989417989418	0.3544973544973545	0.20462046204620463	0.33003300330033003	0.31871345029239767	0.3713450292397661	0.3559322033898305	0.3247863247863248	0.1702127659574468	0.2765957446808511	0.33856502242152464	0.3094170403587444	0.32021466905187834	0.1881720430107527	0.31137724550898205	0.25748502994011974	0.2739981360671016	0.2859007832898172
KX434857.1_Humnad2	KX434857.1 Humnad2	58	1.1872977175	exact_or_mapped	0.30642657559764047	0.3495575221238938	0.37168141592920356	0.24528301886792453	0.2830188679245283	0.44140625	0.40234375	0.4473684210526316	0.35964912280701755	0.42585551330798477	0.38549618320610685	0.4417989417989418	0.3544973544973545	0.21122112211221122	0.3333333333333333	0.3216374269005848	0.3654970760233918	0.3644067796610169	0.3247863247863248	0.1595744680851064	0.2765957446808511	0.33856502242152464	0.3094170403587444	0.31305903398926654	0.18996415770609318	0.31736526946107785	0.25748502994011974	0.27306616961789376	0.28856382978723405
RBE05_Rivbae	RBE05 Rivbae	59	0.9938110968	exact_or_mapped	0.28165777595404184	0.3141592920353982	0.3584070796460177	0.1509433962264151	0.2641509433962264	0.4296875	0.404296875	0.43859649122807015	0.34210526315789475	0.4357976653696498	0.38910505836575876	0.4074074074074074	0.3439153439153439	0.1419141914191419	0.33003300330033003	0.2708333333333333	0.35119047619047616	0.3135593220338983	0.3389830508474576	0.07446808510638298	0.2765957446808511	0.37327188940092165	0.28110599078341014	0.27191413237924866	0.13799283154121864	0.25903614457831325	0.2289156626506024	0.26256983240223464	0.258732212160414
OZ336339.1_Bolbra	OZ336339.1 Bolbra	60	0.9334880559	exact_or_mapped	0.264329961577668	0.3333333333333333	0.36619718309859156	0.11320754716981132	0.3018867924528302	0.4375	0.40625	0.40789473684210525	0.35526315789473684	0.4362934362934363	0.3783783783783784	0.41643835616438357	0.35342465753424657	0.1188118811881188	0.3201320132013201	0.2594752186588921	0.3294460641399417	0.336283185840708	0.3185840707964602	0.06593406593406594	0.3076923076923077	0.3218390804597701	0.2735632183908046	0.2808586762075134	0.07347670250896057	0.24691358024691357	0.24074074074074073	0.2467411545623836	0.25161290322580643
NC_037207.1_Schbic	NC 037207.1 Schbic	61	1.2260814195999998	exact_or_mapped	0.253431562621171	0.3230088495575221	0.336283185840708	0.1509433962264151	0.18867924528301888	0.41015625	0.400390625	0.39473684210526316	0.34210526315789475	0.37786259541984735	0.37547892720306514	0.373015873015873	0.3412698412698413	0.12871287128712872	0.3201320132013201	0.25513196480938416	0.31085043988269795	0.2796610169491525	0.3050847457627119	0.1595744680851064	0.2765957446808511	0.32062780269058294	0.273542600896861	0.23971377459749552	0.0931899641577061	0.2694610778443114	0.2215568862275449	0.23277467411545624	0.23759791122715404
KX434841.1_Psespe	KX434841.1 Psespe	62	0.9855771581999999	exact_or_mapped	0.2521138778993096	0.2831858407079646	0.336283185840708	0.1509433962264151	0.20754716981132076	0.40625	0.4070450097847358	0.3684210526315789	0.3508771929824561	0.3726235741444867	0.38549618320610685	0.3968253968253968	0.3386243386243386	0.1188118811881188	0.32450331125827814	0.23615160349854228	0.3236151603498542	0.2711864406779661	0.3135593220338983	0.07446808510638298	0.2553191489361702	0.3116591928251121	0.273542600896861	0.27191413237924866	0.08422939068100359	0.23952095808383234	0.2694610778443114	0.2383612662942272	0.23412698412698413
MW357303.1_Yermex	MW357303.1 Yermex	63	0.9408654815999999	exact_or_mapped	0.3039299279125649	0.35398230088495575	0.35398230088495575	0.20754716981132076	0.33962264150943394	0.44140625	0.40625	0.4166666666666667	0.35526315789473684	0.42585551330798477	0.3893129770992366	0.4312169312169312	0.3439153439153439	0.19141914191419143	0.32673267326732675	0.27988338192419826	0.34402332361516036	0.3050847457627119	0.3305084745762712	0.18085106382978725	0.26595744680851063	0.3251121076233184	0.2982062780269058	0.28622540250447226	0.16845878136200718	0.2754491017964072	0.2634730538922156	0.28305400372439476	0.2857142857142857
KX434823.1_Hetspe	KX434823.1 Hetspe	64	1.0032350917	exact_or_mapped	0.2514746972989755	0.3008849557522124	0.3495575221238938	0.1320754716981132	0.2641509433962264	0.423828125	0.400390625	0.40350877192982454	0.33771929824561403	0.376425855513308	0.3816793893129771	0.3888888888888889	0.3412698412698413	0.0891089108910891	0.31683168316831684	0.25072886297376096	0.3236151603498542	0.2627118644067797	0.3220338983050847	0.07446808510638298	0.24468085106382978	0.3116591928251121	0.2713004484304933	0.26833631484794274	0.08602150537634409	0.24550898203592814	0.25748502994011974	0.23951537744641194	0.2339572192513369
KX434820.1_Iripol	KX434820.1 Iripol	65	0.9178624116999999	exact_or_mapped	0.251606181628755	0.3053097345132743	0.3495575221238938	0.16981132075471697	0.24528301886792453	0.423828125	0.40625	0.39473684210526316	0.35964912280701755	0.39923954372623577	0.37786259541984735	0.3941798941798942	0.3412698412698413	0.0891089108910891	0.32673267326732675			0.2627118644067797	0.3050847457627119	0.05319148936170213	0.26595744680851063	0.30269058295964124	0.2556053811659193	0.2629695885509839	0.05555555555555555	0.20958083832335328	0.25149700598802394	0.2291861552853134	0.27602905569007263
NC_077479.1_Chestr	NC 077479.1 Chestr	66	0.8902639833999999	exact_or_mapped	0.24671001703050008	0.3053097345132743	0.35398230088495575	0.09433962264150944	0.32075471698113206	0.4140625	0.408203125	0.39035087719298245	0.36403508771929827	0.4068441064638783	0.3816793893129771	0.40476190476190477	0.3439153439153439	0.0891089108910891	0.33003300330033003	0.2303206997084548	0.3294460641399417	0.2627118644067797	0.3220338983050847	0.07446808510638298	0.26595744680851063	0.3116591928251121	0.2645739910313901	0.2737030411449016	0.04659498207885305	0.20359281437125748	0.25149700598802394	0.23743016759776536	0.23974358974358975
NC_037697.1_Parpol	NC 037697.1 Parpol	67	1.030745079	exact_or_mapped	0.2590524928277894	0.29646017699115046	0.3407079646017699	0.18867924528301888	0.24528301886792453	0.41015625	0.41015625	0.40969162995594716	0.34801762114537443	0.38022813688212925	0.37786259541984735	0.4021164021164021	0.335978835978836	0.10561056105610561	0.3201320132013201	0.2565597667638484	0.30903790087463556	0.2627118644067797	0.3305084745762712	0.11702127659574468	0.2553191489361702	0.32882882882882886	0.2635135135135135	0.259391771019678	0.10752688172043011	0.25748502994011974	0.23952095808383234	0.23184357541899442	0.24641460234680573
MG888457.1_Pargig	MG888457.1 Pargig	68	1.0217890367	exact_or_mapped	0.2636265097553422	0.3008849557522124	0.336283185840708	0.18867924528301888	0.22641509433962265	0.41796875	0.412109375	0.4008810572687225	0.34801762114537443	0.39543726235741444	0.37786259541984735	0.4126984126984127	0.3306878306878307	0.1254125412541254	0.32673267326732675	0.23615160349854228	0.3177842565597668	0.2627118644067797	0.3474576271186441	0.10638297872340426	0.2553191489361702	0.3273542600896861	0.26681614349775784	0.2701252236135957	0.11469534050179211	0.25748502994011974	0.2275449101796407	0.24044734389561975	0.2570332480818414
KY689118.1_Stepor	KY689118.1 Stepor	69	1.0406680871999998	exact_or_mapped	0.2737804397509654	0.34513274336283184	0.34513274336283184	0.24528301886792453	0.20754716981132076	0.41291585127201563	0.4050880626223092	0.3788546255506608	0.3524229074889868	0.3916349809885932	0.3816793893129771	0.41798941798941797	0.3412698412698413	0.14655172413793102	0.2974137931034483	0.27405247813411077	0.31486880466472306	0.2711864406779661	0.3474576271186441	0.09574468085106383	0.26595744680851063	0.3116591928251121	0.2914798206278027	0.27549194991055453	0.16308243727598568	0.2754491017964072	0.23952095808383234	0.2516309412861137	0.2490272373540856
KX434837.1_Toxhau	KX434837.1 Toxhau	70	1.0159016779999999	exact_or_mapped	0.2729599751784052	0.33185840707964603	0.34513274336283184	0.24528301886792453	0.2641509433962264	0.41796875	0.404296875	0.3876651982378855	0.3568281938325991	0.3840304182509506	0.37786259541984735	0.41534391534391535	0.3412698412698413	0.18811881188118812	0.31353135313531355	0.2594752186588921	0.3177842565597668	0.2966101694915254	0.3559322033898305	0.06382978723404255	0.2765957446808511	0.3116591928251121	0.2802690582959641	0.2701252236135957	0.13082437275985664	0.25149700598802394	0.23952095808383234	0.25232774674115455	0.24966974900924702
AAP07_Aptapt	AAP07 Aptapt	71	0.9220092178999999	exact_or_mapped	0.2550325178073707	0.3274336283185841	0.3584070796460177	0.20754716981132076	0.2830188679245283	0.42578125	0.404296875	0.40789473684210525	0.35526315789473684	0.4296577946768061	0.38549618320610685	0.40476190476190477	0.3386243386243386	0.0858085808580858	0.3234323432343234	0.24489795918367346	0.34110787172011664	0.2711864406779661	0.3050847457627119	0.11702127659574468	0.26595744680851063	0.31390134529147984	0.26681614349775784	0.26475849731663686	0.07706093189964158	0.24550898203592814	0.23952095808383234	0.239292364990689	0.2583547557840617
43assoi_Ameass	43assoi Ameass	72	0.9084833575999998	exact_or_mapped	0.2594240224771716	0.3185840707964602	0.36283185840707965	0.20754716981132076	0.32075471698113206	0.43359375	0.40625	0.40350877192982454	0.36403508771929827	0.42585551330798477	0.37786259541984735	0.4126984126984127	0.34656084656084657	0.11221122112211221	0.3234323432343234	0.2303206997084548	0.33819241982507287	0.2796610169491525	0.3220338983050847	0.06382978723404255	0.26595744680851063	0.31614349775784756	0.2600896860986547	0.26908396946564883	0.09369024856596558	0.25149700598802394	0.25149700598802394	0.23277467411545624	0.26153846153846155
41K26_Amepic	41K26 Amepic	73	0.9070085330999997	exact_or_mapped	0.25819413803971003	0.33185840707964603	0.3584070796460177	0.20754716981132076	0.2830188679245283	0.431640625	0.40625	0.39473684210526316	0.36403508771929827	0.42857142857142855	0.3770491803278688	0.41534391534391535	0.34656084656084657	0.09570957095709572	0.3234323432343234	0.23511904761904762	0.33630952380952384	0.2796610169491525	0.3220338983050847	0.07446808510638298	0.26595744680851063	0.31390134529147984	0.26905829596412556	0.26654740608228983	0.07885304659498207	0.24786324786324787	0.24786324786324787	0.23277467411545624	0.2593068035943517
AA003_Ameser	AA003 Ameser	74	0.8992280178999998	exact_or_mapped	0.25812960807140084	0.3274336283185841	0.3672566371681416	0.20754716981132076	0.24528301886792453	0.431640625	0.404296875	0.40350877192982454	0.35964912280701755	0.41825095057034223	0.37786259541984735	0.3968253968253968	0.3439153439153439	0.0858085808580858	0.32673267326732675	0.23795180722891565	0.33433734939759036	0.288135593220339	0.3220338983050847	0.0851063829787234	0.26595744680851063	0.3183856502242152	0.2556053811659193	0.2629695885509839	0.09498207885304659	0.23952095808383234	0.2634730538922156	0.2346368715083799	0.25256410256410255
AA001_Ameand	AA001 Ameand	75	0.9008969363999998	exact_or_mapped	0.259007955077211	0.3274336283185841	0.3672566371681416	0.20754716981132076	0.22641509433962265	0.431640625	0.40625	0.40350877192982454	0.35964912280701755	0.41825095057034223	0.37786259541984735	0.3968253968253968	0.3439153439153439	0.11551155115511551	0.32673267326732675	0.2289156626506024	0.3373493975903614	0.288135593220339	0.3135593220338983	0.07446808510638298	0.26595744680851063	0.3247058823529412	0.27122641509433965	0.2629695885509839	0.0967741935483871	0.24550898203592814	0.24550898203592814	0.23370577281191807	0.2512820512820513
ADEC02_Amedec	ADEC02 Amedec	76	0.9711677238999998	exact_or_mapped	0.2627381136750813	0.3185840707964602	0.35398230088495575	0.1509433962264151	0.3018867924528302	0.43359375	0.408203125	0.3991228070175439	0.36403508771929827	0.39543726235741444	0.3816793893129771	0.4074074074074074	0.3492063492063492	0.0891089108910891	0.3234323432343234	0.23615160349854228	0.3294460641399417	0.2966101694915254	0.3050847457627119	0.11702127659574468	0.26595744680851063	0.3183856502242152	0.29596412556053814	0.2737030411449016	0.08602150537634409	0.2275449101796407	0.2874251497005988	0.2504655493482309	0.2538659793814433
59T3_Amedum	59T3 Amedum	77	0.9868312861999998	exact_or_mapped	0.2664605614973262	0.3333333333333333	0.36	0.1509433962264151	0.2830188679245283	0.436	0.408	0.3815789473684211	0.36403508771929827	0.40304182509505704	0.38549618320610685	0.41534391534391535	0.34656084656084657	0.0858085808580858	0.33003300330033003	0.23809523809523808	0.32142857142857145	0.2711864406779661	0.3135593220338983	0.11702127659574468	0.26595744680851063	0.31614349775784756	0.29596412556053814	0.32196969696969696	0.0946969696969697	0.25149700598802394	0.25149700598802394	0.23277467411545624	0.25097024579560157
16CI1f_Psebet	16CI1f Psebet	78	0.9619139182999998	exact_or_mapped	0.262880607422329	0.36283185840707965	0.3495575221238938	0.18867924528301888	0.24528301886792453	0.416015625	0.400390625	0.40350877192982454	0.3684210526315789	0.41064638783269963	0.37404580152671757	0.40476190476190477	0.34656084656084657	0.1353135313531353	0.3201320132013201	0.23615160349854228	0.3323615160349854	0.2627118644067797	0.3474576271186441	0.18085106382978725	0.2553191489361702	0.3295964125560538	0.273542600896861	0.25760286225402507	0.08243727598566308	0.23952095808383234	0.25149700598802394	0.23370577281191807	0.26397919375812745
AA005_Amespa	AA005 Amespa	79	1.001296053	exact_or_mapped	0.2618529457484844	0.3407079646017699	0.36283185840707965	0.20754716981132076	0.2641509433962264	0.41796875	0.400390625	0.4166666666666667	0.3684210526315789	0.41825095057034223	0.37786259541984735	0.3994708994708995	0.335978835978836	0.0924092409240924	0.32673267326732675	0.2620481927710843	0.32831325301204817	0.3448275862068966	0.3275862068965517	0.11702127659574468	0.2553191489361702	0.32286995515695066	0.257847533632287	0.26833631484794274	0.1111111111111111	0.26506024096385544	0.2469879518072289	0.23556797020484171	0.24285714285714285
23spal_Amespa2	23spal Amespa2	80	0.9861582417999998	exact_or_mapped	0.25969147150507554	0.336283185840708	0.35398230088495575	0.1320754716981132	0.2641509433962264	0.412109375	0.404296875	0.40350877192982454	0.37280701754385964	0.40408163265306124	0.36885245901639346	0.4021164021164021	0.3386243386243386	0.14	0.325	0.24397590361445784	0.3313253012048193	0.288135593220339	0.3305084745762712	0.0851063829787234	0.26595744680851063	0.3251121076233184	0.24887892376681614	0.2558139534883721	0.12186379928315412	0.25301204819277107	0.25301204819277107	0.22905027932960895	0.24870466321243523
KX434839.1_Popspu	KX434839.1 Popspu	81	0.9160420548999999	exact_or_mapped	0.26374570446735396	0.3141592920353982	0.3495575221238938	0.16981132075471697	0.2641509433962264	0.41015625	0.40234375	0.37280701754385964	0.33771929824561403	0.38783269961977185	0.3893129770992366	0.41005291005291006	0.34656084656084657	0.12211221122112212	0.33003300330033003	0.2536443148688047	0.34110787172011664	0.2457627118644068	0.2966101694915254	0.10638297872340426	0.2765957446808511	0.31390134529147984	0.26905829596412556	0.2737030411449016	0.13440860215053763	0.2275449101796407	0.23952095808383234	0.2416044776119403	0.25299401197604793
NC_086821.1_Psepin	NC 086821.1 Psepin	82	0.9771144292999999	exact_or_mapped	0.2501742700023236	0.3230088495575221	0.3407079646017699	0.20754716981132076	0.3018867924528302	0.4296875	0.396484375	0.39473684210526316	0.31140350877192985	0.3574144486692015	0.36259541984732824	0.373015873015873	0.3412698412698413	0.0924092409240924	0.32673267326732675	0.2375366568914956	0.3196480938416422	0.2966101694915254	0.3305084745762712	0.06382978723404255	0.2978723404255319	0.3101123595505618	0.273542600896861	0.26475849731663686	0.07347670250896057	0.2155688622754491	0.20958083832335328	0.23392357875116496	0.24455825864276567
KX434847.1_Psepin2	KX434847.1 Psepin2	83	0.9762797905999999	exact_or_mapped	0.25	0.3141592920353982	0.34513274336283184	0.20754716981132076	0.2830188679245283	0.4296875	0.396484375	0.39035087719298245	0.32456140350877194	0.35361216730038025	0.3702290076335878	0.37566137566137564	0.3412698412698413	0.09900990099009901	0.33003300330033003	0.2287390029325513	0.31085043988269795	0.3050847457627119	0.3389830508474576	0.0851063829787234	0.2765957446808511	0.2943820224719101	0.273542600896861	0.26475849731663686	0.08064516129032258	0.2275449101796407	0.20359281437125748	0.22926374650512582	0.24934725848563968
NC_069810.1_Dertru	NC 069810.1 Dertru	84	1.0691757734	exact_or_mapped	0.2605081190272706	0.30973451327433627	0.3495575221238938	0.21153846153846154	0.25	0.4140625	0.396484375	0.39473684210526316	0.34649122807017546	0.3650190114068441	0.36259541984732824	0.3941798941798942	0.335978835978836	0.1419141914191419	0.3234323432343234	0.24269005847953215	0.3157894736842105	0.2711864406779661	0.3389830508474576	0.15053763440860216	0.27956989247311825	0.3105022831050228	0.2671232876712329	0.25448028673835127	0.09874326750448834	0.19760479041916168	0.25149700598802394	0.2206703910614525	0.25227568270481143
KX434850.1_Derlob	KX434850.1 Derlob	85	1.1198943985	exact_or_mapped	0.2557020946470132	0.3185840707964602	0.3141592920353982	0.16981132075471697	0.18867924528301888	0.416015625	0.3984375	0.39035087719298245	0.31140350877192985	0.34600760456273766	0.3702290076335878	0.37037037037037035	0.3412698412698413	0.1485148514851485	0.3432343234323432	0.26822157434402333	0.3032069970845481	0.3135593220338983	0.3050847457627119	0.14893617021276595	0.2765957446808511	0.30493273542600896	0.26905829596412556	0.2504472271914132	0.10931899641577061	0.24550898203592814	0.2874251497005988	0.21755368814192344	0.22251655629139072
KY689113.1_Derdes2	KY689113.1 Derdes2	86	1.046571625	exact_or_mapped	0.25744416873449133	0.2743362831858407	0.3407079646017699	0.1320754716981132	0.22641509433962265	0.421875	0.3984375	0.39473684210526316	0.34210526315789475	0.38022813688212925	0.37404580152671757	0.373015873015873	0.3492063492063492	0.12211221122112212	0.3201320132013201	0.2478134110787172	0.3119533527696793	0.2796610169491525	0.2711864406779661	0.0851063829787234	0.2553191489361702	0.3004484304932735	0.26905829596412556	0.27906976744186046	0.13620071684587814	0.19760479041916168	0.23353293413173654	0.2320596458527493	0.22397891963109354
KX434834.1_Derdes	KX434834.1 Derdes	87	1.0475741171	exact_or_mapped	0.25760161340366117	0.26991150442477874	0.336283185840708	0.1320754716981132	0.22641509433962265	0.421875	0.3984375	0.39473684210526316	0.34210526315789475	0.38022813688212925	0.37404580152671757	0.37037037037037035	0.3492063492063492	0.1254125412541254	0.31683168316831684	0.2478134110787172	0.3177842565597668	0.2966101694915254	0.2796610169491525	0.0851063829787234	0.2553191489361702	0.30493273542600896	0.2713004484304933	0.27906976744186046	0.13440860215053763	0.19760479041916168	0.2275449101796407	0.2320596458527493	0.22251655629139072
NC_077478.1_Galamo	NC 077478.1 Galamo	88	0.8271659696999999	exact_or_mapped	0.2383977686526691	0.28761061946902655	0.36283185840707965	0.16981132075471697	0.2830188679245283	0.416015625	0.404296875	0.38596491228070173	0.34210526315789475	0.38022813688212925	0.3702290076335878	0.37566137566137564	0.3412698412698413	0.052805280528052806	0.3201320132013201	0.22448979591836735	0.3323615160349854	0.2627118644067797	0.3389830508474576	0.05319148936170213	0.26595744680851063	0.3116591928251121	0.2533632286995516	0.2737030411449016	0.04121863799283154	0.19760479041916168	0.23952095808383234	0.21601489757914338	0.24057217165149544
MW357297.1_Asiyun	MW357297.1 Asiyun	89	0.8025580738	exact_or_mapped	0.2510859447719516	0.29646017699115046	0.3584070796460177	0.1509433962264151	0.2641509433962264	0.416015625	0.40625	0.38596491228070173	0.35526315789473684	0.3840304182509506	0.3816793893129771	0.4021164021164021	0.3492063492063492	0.10891089108910891	0.33663366336633666	0.24198250728862974	0.3323615160349854	0.2711864406779661	0.3305084745762712	0.0851063829787234	0.2765957446808511	0.31390134529147984	0.27802690582959644	0.27549194991055453	0.07168458781362007	0.20958083832335328	0.2275449101796407	0.22905027932960895	0.253315649867374
KX434842.1_Ortmin	KX434842.1 Ortmin	90	0.8224104331	exact_or_mapped	0.2494767036204357	0.2831858407079646	0.3495575221238938	0.11320754716981132	0.3018867924528302	0.439453125	0.40625	0.39473684210526316	0.3508771929824561	0.39923954372623577	0.37786259541984735	0.3862433862433862	0.34656084656084657	0.052805280528052806	0.3234323432343234	0.26822157434402333	0.3206997084548105	0.2966101694915254	0.3220338983050847	0.06382978723404255	0.26595744680851063	0.31614349775784756	0.26905829596412556	0.26118067978533094	0.04838709677419355	0.2155688622754491	0.23952095808383234	0.22998137802607077	0.25229960578186594
NC_030265.1_Manrel	NC 030265.1 Manrel	91	0.7991866115999998	exact_or_mapped	0.2379219572623103	0.2920353982300885	0.36283185840707965	0.18867924528301888	0.3018867924528302	0.41015625	0.408203125	0.40350877192982454	0.36403508771929827	0.38022813688212925	0.38549618320610685	0.4074074074074074	0.3439153439153439	0.0429042904290429	0.33003300330033003	0.22157434402332363	0.34210526315789475	0.3050847457627119	0.3305084745762712	0.06382978723404255	0.26595744680851063	0.3071748878923767	0.273542600896861	0.26833631484794274	0.04121863799283154	0.2275449101796407	0.23353293413173654	0.22253258845437615	0.24646983311938384
NC_086820.1_Staagr	NC 086820.1 Staagr	92	0.8380979104999998	exact_or_mapped	0.25058040550998295	0.30973451327433627	0.3584070796460177	0.1509433962264151	0.33962264150943394	0.423828125	0.41015625	0.40350877192982454	0.3508771929824561	0.38783269961977185	0.3816793893129771	0.40476190476190477	0.34656084656084657	0.09570957095709572	0.33663366336633666	0.23615160349854228	0.34402332361516036	0.2796610169491525	0.3135593220338983	0.0851063829787234	0.2765957446808511	0.31390134529147984	0.26681614349775784	0.2808586762075134	0.07526881720430108	0.2215568862275449	0.2155688622754491	0.22625698324022347	0.2423469387755102
NC_065760.1_Stamac	NC 065760.1 Stamac	93	0.8429741015999997	exact_or_mapped	0.25189599133261104	0.3008849557522124	0.3584070796460177	0.1509433962264151	0.33962264150943394	0.4296875	0.41015625	0.40789473684210525	0.3508771929824561	0.40304182509505704	0.37786259541984735	0.3941798941798942	0.3492063492063492	0.0924092409240924	0.33663366336633666	0.23615160349854228	0.3498542274052478	0.2796610169491525	0.3220338983050847	0.06382978723404255	0.26595744680851063	0.31390134529147984	0.273542600896861	0.27549194991055453	0.07706093189964158	0.2215568862275449	0.2215568862275449	0.22439478584729983	0.2423469387755102
OL414957.1_Staspe2	OL414957.1 Staspe2	94	0.8482651427999999	exact_or_mapped	0.24643962848297213	0.2920353982300885	0.36283185840707965	0.11320754716981132	0.33962264150943394	0.439453125	0.41015625	0.39035087719298245	0.3508771929824561	0.3916349809885932	0.38549618320610685	0.4021164021164021	0.3439153439153439	0.07590759075907591	0.3333333333333333	0.25146198830409355	0.3304093567251462	0.2627118644067797	0.3389830508474576	0.0851063829787234	0.26595744680851063	0.3183856502242152	0.2645739910313901	0.27906976744186046	0.05734767025089606	0.20359281437125748	0.2155688622754491	0.22532588454376165	0.2423469387755102
NC_065761.1_Stafla	NC 065761.1 Stafla	95	0.8445084575999998	exact_or_mapped	0.24887788268069957	0.3008849557522124	0.36283185840707965	0.1320754716981132	0.3584905660377358	0.435546875	0.41015625	0.39035087719298245	0.3508771929824561	0.38783269961977185	0.38549618320610685	0.40476190476190477	0.3492063492063492	0.10561056105610561	0.33003300330033003	0.24198250728862974	0.33527696793002915	0.2627118644067797	0.3220338983050847	0.09574468085106383	0.26595744680851063	0.3116591928251121	0.2600896860986547	0.2737030411449016	0.07168458781362007	0.20359281437125748	0.23353293413173654	0.22532588454376165	0.2512755102040816
KU201316.1_Staspe	KU201316.1 Staspe	96	0.8448862067999998	exact_or_mapped	0.2508135750813575	0.3008849557522124	0.36283185840707965	0.11320754716981132	0.3584905660377358	0.43359375	0.41015625	0.39035087719298245	0.3508771929824561	0.3916349809885932	0.38549618320610685	0.40476190476190477	0.3492063492063492	0.11551155115511551	0.33003300330033003	0.24198250728862974	0.3362573099415205	0.2627118644067797	0.3220338983050847	0.09574468085106383	0.26595744680851063	0.3116591928251121	0.26681614349775784	0.2737030411449016	0.07526881720430108	0.20359281437125748	0.23353293413173654	0.22811918063314712	0.24967490247074123
KX434862.1_Tarala	KX434862.1 Tarala	97	0.8432533696	exact_or_mapped	0.261048224530935	0.2831858407079646	0.37168141592920356	0.1320754716981132	0.37735849056603776	0.421875	0.40625	0.40789473684210525	0.35526315789473684	0.4068441064638783	0.38549618320610685	0.4126984126984127	0.34656084656084657	0.09570957095709572	0.32673267326732675	0.22740524781341107	0.33819241982507287	0.2966101694915254	0.3220338983050847	0.0851063829787234	0.26595744680851063	0.3094170403587444	0.3004484304932735	0.2737030411449016	0.08422939068100359	0.2215568862275449	0.23952095808383234	0.2430167597765363	0.2578947368421053
NC_037204.1_Sphlin	NC 037204.1 Sphlin	98	0.8578382013	exact_or_mapped	0.25850973094518104	0.3008849557522124	0.3584070796460177	0.20754716981132076	0.2830188679245283	0.4324853228962818	0.410958904109589	0.39035087719298245	0.36403508771929827	0.3916349809885932	0.38549618320610685	0.4021164021164021	0.34656084656084657	0.11551155115511551	0.33003300330033003	0.21865889212827988	0.34402332361516036	0.2711864406779661	0.3135593220338983	0.11702127659574468	0.26595744680851063	0.3183856502242152	0.2914798206278027	0.27906976744186046	0.07885304659498207	0.2155688622754491	0.23952095808383234	0.2309124767225326	0.2388451443569554
KX434840.1_Sphvir	KX434840.1 Sphvir	99	0.8418797606999999	exact_or_mapped	0.26270923744575325	0.3053097345132743	0.3584070796460177	0.18867924528301888	0.32075471698113206	0.4296875	0.408203125	0.37719298245614036	0.35526315789473684	0.38783269961977185	0.38549618320610685	0.40476190476190477	0.34656084656084657	0.12871287128712872	0.3201320132013201	0.23323615160349853	0.3469387755102041	0.3220338983050847	0.3305084745762712	0.11702127659574468	0.26595744680851063	0.3183856502242152	0.27802690582959644	0.2826475849731664	0.08781362007168458	0.2155688622754491	0.25748502994011974	0.2383612662942272	0.25718015665796345
NC_065759.1_Tenang	NC 065759.1 Tenang	100	0.8470000084999999	exact_or_mapped	0.2554953560371517	0.3230088495575221	0.3584070796460177	0.20754716981132076	0.33962264150943394	0.427734375	0.40625	0.40350877192982454	0.3684210526315789	0.39923954372623577	0.37786259541984735	0.40476190476190477	0.35185185185185186	0.10231023102310231	0.3234323432343234	0.22157434402332363	0.33819241982507287	0.288135593220339	0.3220338983050847	0.13829787234042554	0.26595744680851063	0.31685393258426964	0.273542600896861	0.2737030411449016	0.1003584229390681	0.20359281437125748	0.2275449101796407	0.239292364990689	0.25798212005108556
OM202552.1_Tenspe	OM202552.1 Tenspe	101	0.8401282656999999	exact_or_mapped	0.2512768921219625	0.2831858407079646	0.36283185840707965	0.20754716981132076	0.33962264150943394	0.431640625	0.404296875	0.39035087719298245	0.3684210526315789	0.39543726235741444	0.3816793893129771	0.41005291005291006	0.3492063492063492	0.0891089108910891	0.32673267326732675	0.19825072886297376	0.33819241982507287	0.3050847457627119	0.3220338983050847	0.0851063829787234	0.26595744680851063	0.31390134529147984	0.2713004484304933	0.26118067978533094	0.08064516129032258	0.2215568862275449	0.23952095808383234	0.2346368715083799	0.24872448979591838
OK542393.1_Tenaribre	OK542393.1 Tenaribre	102	0.8319086265	exact_or_mapped	0.25181860393127997	0.3008849557522124	0.36283185840707965	0.22641509433962265	0.32075471698113206	0.435546875	0.404296875	0.3815789473684211	0.3684210526315789	0.40304182509505704	0.38549618320610685	0.4021164021164021	0.3492063492063492	0.10891089108910891	0.32673267326732675	0.19825072886297376	0.3294460641399417	0.3135593220338983	0.3305084745762712	0.09574468085106383	0.26595744680851063	0.31390134529147984	0.273542600896861	0.26654740608228983	0.08602150537634409	0.2215568862275449	0.23952095808383234	0.23184357541899442	0.24872448979591838
NC_030266.1_Tensin	NC 030266.1 Tensin	103	0.8323588921999999	exact_or_mapped	0.25092879256965944	0.29646017699115046	0.36283185840707965	0.20754716981132076	0.32075471698113206	0.4375	0.404296875	0.37719298245614036	0.36403508771929827	0.39923954372623577	0.38549618320610685	0.4021164021164021	0.3492063492063492	0.0858085808580858	0.32673267326732675	0.20408163265306123	0.3333333333333333	0.3135593220338983	0.3305084745762712	0.0851063829787234	0.26595744680851063	0.31390134529147984	0.26681614349775784	0.26475849731663686	0.08422939068100359	0.2275449101796407	0.23353293413173654	0.22811918063314712	0.2515964240102171
KY689136.1_Hiedul	KY689136.1 Hiedul	104	0.8466374435999999	exact_or_mapped	0.23671347660796027	0.27876106194690264	0.34513274336283184	0.16981132075471697	0.32075471698113206	0.423828125	0.40625	0.39035087719298245	0.36403508771929827	0.3840304182509506	0.38549618320610685	0.3888888888888889	0.3492063492063492	0.04950495049504951	0.3201320132013201	0.20699708454810495	0.3323615160349854	0.288135593220339	0.3305084745762712	0.07446808510638298	0.2553191489361702	0.3094170403587444	0.2713004484304933	0.2710951526032316	0.030575539568345324	0.17365269461077845	0.25149700598802394	0.21973929236499068	0.23249669749009247
KX434863.1_Polgri	KX434863.1 Polgri	105	0.8355738924999999	exact_or_mapped	0.2558715517977624	0.3008849557522124	0.36283185840707965	0.16981132075471697	0.37735849056603776	0.431640625	0.404296875	0.39035087719298245	0.36403508771929827	0.39543726235741444	0.38549618320610685	0.4126984126984127	0.3492063492063492	0.09570957095709572	0.33003300330033003			0.2966101694915254	0.3220338983050847	0.0851063829787234	0.26595744680851063	0.31614349775784756	0.28699551569506726	0.27906976744186046	0.08422939068100359	0.18562874251497005	0.23952095808383234	0.24487895716945995	0.25041736227045075
KX434821.1_Plispe	KX434821.1 Plispe	106	0.8866034732999999	exact_or_mapped	0.2489327020104013	0.28761061946902655	0.3584070796460177	0.1509433962264151	0.2830188679245283	0.41796875	0.40625	0.38596491228070173	0.36403508771929827	0.38783269961977185	0.3816793893129771	0.3888888888888889	0.3544973544973545	0.066006600660066	0.3234323432343234	0.22157434402332363	0.3294460641399417	0.2796610169491525	0.3050847457627119	0.09574468085106383	0.26595744680851063	0.30995475113122173	0.2828054298642534	0.2737030411449016	0.07719928186714542	0.18072289156626506	0.2289156626506024	0.2383612662942272	0.24704336399474375
KX434868.1_Prospe	KX434868.1 Prospe	107	0.9062823422999998	exact_or_mapped	0.2449802310256609	0.2920353982300885	0.35398230088495575	0.1320754716981132	0.2830188679245283	0.419921875	0.40234375	0.40350877192982454	0.35964912280701755	0.3726235741444867	0.38549618320610685	0.3835978835978836	0.35185185185185186	0.07590759075907591	0.3201320132013201	0.21865889212827988	0.3294460641399417	0.2966101694915254	0.3220338983050847	0.05319148936170213	0.26595744680851063	0.31614349775784756	0.26681614349775784	0.2701252236135957	0.07526881720430108	0.18562874251497005	0.2275449101796407	0.239292364990689	0.2352168199737188
KX434855.1_Propic	KX434855.1 Propic	108	0.9049933354999998	exact_or_mapped	0.24461156768491238	0.2920353982300885	0.35398230088495575	0.1320754716981132	0.2830188679245283	0.419921875	0.40234375	0.40350877192982454	0.35964912280701755	0.3726235741444867	0.38549618320610685	0.3835978835978836	0.35185185185185186	0.056105610561056105	0.3234323432343234	0.21865889212827988	0.3294460641399417	0.2966101694915254	0.3220338983050847	0.05319148936170213	0.26595744680851063	0.31614349775784756	0.26905829596412556	0.26654740608228983	0.08064516129032258	0.18562874251497005	0.2275449101796407	0.23951537744641194	0.2352168199737188
MW357302.1_Stabio	MW357302.1 Stabio	109	0.9155426480999999	exact_or_mapped	0.25017464876193435	0.30973451327433627	0.3672566371681416	0.1509433962264151	0.24528301886792453	0.423828125	0.40625	0.3815789473684211	0.3508771929824561	0.38783269961977185	0.37786259541984735	0.3968253968253968	0.3439153439153439	0.10561056105610561	0.32673267326732675	0.2099125364431487	0.31486880466472306	0.2627118644067797	0.3305084745762712	0.07446808510638298	0.24468085106382978	0.3094170403587444	0.2600896860986547	0.2629695885509839	0.08781362007168458	0.21686746987951808	0.25301204819277107	0.21787709497206703	0.24064171122994651
KX434838.1_Psechl	KX434838.1 Psechl	110	0.9159976320999998	exact_or_mapped	0.23507878402037244	0.2743362831858407	0.3495575221238938	0.11320754716981132	0.18867924528301888	0.412109375	0.40234375	0.3684210526315789	0.34649122807017546	0.3650190114068441	0.3702290076335878	0.36243386243386244	0.3306878306878307	0.10299003322259136	0.31893687707641194	0.195906432748538	0.3020527859237537	0.2796610169491525	0.3305084745762712	0.09574468085106383	0.26595744680851063	0.30337078651685395	0.26681614349775784	0.27191413237924866	0.07706093189964158	0.20958083832335328	0.25748502994011974	0.21601489757914338	0.25740318906605925
MW357301.1_Pseper	MW357301.1 Pseper	111	0.9638249483999999	exact_or_mapped	0.23369270146591173	0.27876106194690264	0.34513274336283184	0.1509433962264151	0.24528301886792453	0.40625	0.3984375	0.39035087719298245	0.3333333333333333	0.3574144486692015	0.37404580152671757	0.3492063492063492	0.3492063492063492	0.0858085808580858	0.33003300330033003	0.21574344023323616	0.29737609329446063	0.288135593220339	0.3050847457627119	0.10638297872340426	0.26595744680851063	0.30269058295964124	0.2600896860986547	0.26475849731663686	0.07526881720430108	0.17365269461077845	0.23952095808383234	0.2169459962756052	0.2370860927152318
KX434812.1_Cammou	KX434812.1 Cammou	112	0.9186996370999998	exact_or_mapped	0.23140752229546335	0.3053097345132743	0.34513274336283184	0.07547169811320754	0.22641509433962265	0.41015625	0.40234375	0.35964912280701755	0.3333333333333333	0.3688212927756654	0.37404580152671757	0.376657824933687	0.3448275862068966	0.06930693069306931	0.3234323432343234	0.19298245614035087	0.2982456140350877	0.2711864406779661	0.3305084745762712	0.0425531914893617	0.26595744680851063	0.30493273542600896	0.2623318385650224	0.25402504472271914	0.06630824372759857	0.16766467065868262	0.2155688622754491	0.21601489757914338	0.2162516382699869
MN267041.1_Mekqui	MN267041.1 Mekqui	113	0.8749045156999998	exact_or_mapped	0.2639367366113373	0.30985915492957744	0.3568075117370892	0.1509433962264151	0.2830188679245283	0.42857142857142855	0.4070450097847358	0.37777777777777777	0.3511111111111111	0.3946360153256705	0.38846153846153847	0.4246575342465753	0.3589041095890411	0.09900990099009901	0.3333333333333333	0.2303206997084548	0.3498542274052478	0.29464285714285715	0.3392857142857143	0.07692307692307693	0.27472527472527475	0.3242009132420091	0.2876712328767123	0.2826475849731664	0.11290322580645161	0.2215568862275449	0.2754491017964072	0.22905027932960895	0.24839948783610755
NC_048984.1_Hiemem	NC 048984.1 Hiemem	114	0.8922321258999998	exact_or_mapped	0.25586981790003877	0.3008849557522124	0.3495575221238938	0.11320754716981132	0.3018867924528302	0.421875	0.404296875	0.39035087719298245	0.35526315789473684	0.3916349809885932	0.37786259541984735	0.3994708994708995	0.35185185185185186	0.10891089108910891	0.33003300330033003	0.2303206997084548	0.3216374269005848	0.288135593220339	0.3305084745762712	0.18085106382978725	0.26595744680851063	0.31390134529147984	0.289237668161435	0.27906976744186046	0.08602150537634409	0.20958083832335328	0.24550898203592814	0.23184357541899442	0.23697916666666666
MW357300.1_Mesala	MW357300.1 Mesala	115	0.8382004681999998	exact_or_mapped	0.2391439205955335	0.27876106194690264	0.3495575221238938	0.07547169811320754	0.3018867924528302	0.4140625	0.408203125	0.3815789473684211	0.35526315789473684	0.38022813688212925	0.38549618320610685	0.4021164021164021	0.35185185185185186	0.08250825082508251	0.32673267326732675	0.19825072886297376	0.3323615160349854	0.288135593220339	0.3389830508474576	0.07446808510638298	0.26595744680851063	0.3094170403587444	0.26681614349775784	0.259391771019678	0.06810035842293907	0.18562874251497005	0.24550898203592814	0.22532588454376165	0.23746701846965698
KX434813.1_Mesala2	KX434813.1 Mesala2	116	0.8382004681999998	exact_or_mapped	0.2391439205955335	0.27876106194690264	0.3495575221238938	0.07547169811320754	0.3018867924528302	0.4140625	0.408203125	0.3815789473684211	0.35526315789473684	0.38022813688212925	0.38549618320610685	0.4021164021164021	0.35185185185185186	0.08250825082508251	0.32673267326732675	0.19825072886297376	0.3323615160349854	0.288135593220339	0.3389830508474576	0.07446808510638298	0.26595744680851063	0.3094170403587444	0.26681614349775784	0.259391771019678	0.06810035842293907	0.18562874251497005	0.24550898203592814	0.22532588454376165	0.23746701846965698
KX619654.1_Rhospe	KX619654.1 Rhospe	117	0.8370880819999998	exact_or_mapped	0.24780888854417127	0.2920353982300885	0.3584070796460177	0.09433962264150944	0.2830188679245283	0.419921875	0.408203125	0.39035087719298245	0.34649122807017546	0.376425855513308	0.38549618320610685	0.40476190476190477	0.35185185185185186	0.08250825082508251	0.32673267326732675	0.22157434402332363	0.34110787172011664	0.3050847457627119	0.3389830508474576	0.05319148936170213	0.2553191489361702	0.31390134529147984	0.2757847533632287	0.26654740608228983	0.08243727598566308	0.20958083832335328	0.23952095808383234	0.22905027932960895	0.2410596026490066
NC_034282.1_Rhobra	NC 034282.1 Rhobra	118	0.8466597871999999	exact_or_mapped	0.24744582043343652	0.2920353982300885	0.3584070796460177	0.11320754716981132	0.2830188679245283	0.42578125	0.408203125	0.37280701754385964	0.34649122807017546	0.3840304182509506	0.38549618320610685	0.4021164021164021	0.3492063492063492	0.0924092409240924	0.33003300330033003	0.2099125364431487	0.33527696793002915	0.3135593220338983	0.3389830508474576	0.06382978723404255	0.26595744680851063	0.31614349775784756	0.2713004484304933	0.2772808586762075	0.06272401433691756	0.2215568862275449	0.25748502994011974	0.2271880819366853	0.25191815856777494
KX434851.1_Pnimed	KX434851.1 Pnimed	119	0.8786300971999998	exact_or_mapped	0.2568636575151233	0.29646017699115046	0.3584070796460177	0.1320754716981132	0.2830188679245283	0.431640625	0.40625	0.3815789473684211	0.3508771929824561	0.4068441064638783	0.3816793893129771	0.41534391534391535	0.3544973544973545	0.10231023102310231	0.3234323432343234	0.2099125364431487	0.3294460641399417	0.3135593220338983	0.3305084745762712	0.10638297872340426	0.26595744680851063	0.31614349775784756	0.28475336322869954	0.26654740608228983	0.07885304659498207	0.2155688622754491	0.25149700598802394	0.2309124767225326	0.24702774108322326
NC_065758.1_Hiemac	NC 065758.1 Hiemac	120	0.8685665124999998	exact_or_mapped	0.2501354384335578	0.3008849557522124	0.34513274336283184	0.1320754716981132	0.2641509433962264	0.43359375	0.40625	0.37719298245614036	0.3508771929824561	0.3916349809885932	0.38549618320610685	0.4021164021164021	0.3492063492063492	0.1188118811881188	0.3234323432343234	0.22740524781341107	0.32653061224489793	0.3135593220338983	0.3135593220338983	0.05319148936170213	0.26595744680851063	0.3094170403587444	0.273542600896861	0.26654740608228983	0.06810035842293907	0.2275449101796407	0.24550898203592814	0.23370577281191807	0.24265644955300128
NC_034283.1_Hiepat	NC 034283.1 Hiepat	121	0.8656327481999999	exact_or_mapped	0.2569460568067487	0.3008849557522124	0.35398230088495575	0.1509433962264151	0.2830188679245283	0.423828125	0.404296875	0.37280701754385964	0.3508771929824561	0.3916349809885932	0.3816793893129771	0.4074074074074074	0.3544973544973545	0.1254125412541254	0.3201320132013201	0.24198250728862974	0.32653061224489793	0.3220338983050847	0.3050847457627119	0.11702127659574468	0.26595744680851063	0.32062780269058294	0.2757847533632287	0.2772808586762075	0.08960573476702509	0.23353293413173654	0.24550898203592814	0.23743016759776536	0.2567049808429119
KX434830.1_Hiemul	KX434830.1 Hiemul	122	0.8612168824999998	exact_or_mapped	0.258062015503876	0.3008849557522124	0.35398230088495575	0.1509433962264151	0.2830188679245283	0.43359375	0.408203125	0.39035087719298245	0.3508771929824561	0.39543726235741444	0.38549618320610685	0.42857142857142855	0.35185185185185186	0.09570957095709572	0.3234323432343234	0.24198250728862974	0.3294460641399417	0.3050847457627119	0.3135593220338983	0.07446808510638298	0.26595744680851063	0.3116591928251121	0.27802690582959644	0.28622540250447226	0.09498207885304659	0.24550898203592814	0.24550898203592814	0.24115456238361266	0.24803149606299213
KX434819.1_Hiemaj	KX434819.1 Hiemaj	123	0.8845968583999997	exact_or_mapped	0.2575170489770614	0.28761061946902655	0.35398230088495575	0.18867924528301888	0.33962264150943394	0.419921875	0.41015625	0.3815789473684211	0.3508771929824561	0.39923954372623577	0.37786259541984735	0.3888888888888889	0.3412698412698413	0.10891089108910891	0.33003300330033003	0.22448979591836735	0.33527696793002915	0.3135593220338983	0.3389830508474576	0.07446808510638298	0.26595744680851063	0.31614349775784756	0.2713004484304933	0.27191413237924866	0.1003584229390681	0.2155688622754491	0.24550898203592814	0.24089635854341737	0.2535760728218466
NC_007702.1_Tamtam	NC 007702.1 Tamtam	124	0.8793797139999997	exact_or_mapped	0.25122045718713676	0.29646017699115046	0.35398230088495575	0.1509433962264151	0.32075471698113206	0.41015625	0.408203125	0.39035087719298245	0.35526315789473684	0.3840304182509506	0.38549618320610685	0.3994708994708995	0.3386243386243386	0.07920792079207921	0.3234323432343234	0.21282798833819241	0.3236151603498542	0.3220338983050847	0.3305084745762712	0.0425531914893617	0.26595744680851063	0.3094170403587444	0.273542600896861	0.27191413237924866	0.07885304659498207	0.18562874251497005	0.23353293413173654	0.23743016759776536	0.242503259452412
MW357298.1_Hiespe2	MW357298.1 Hiespe2	125	0.8884190861999997	exact_or_mapped	0.2534687233547787	0.28761061946902655	0.35398230088495575	0.1509433962264151	0.32075471698113206	0.4140625	0.408203125	0.3991228070175439	0.35526315789473684	0.4068441064638783	0.38549618320610685	0.41005291005291006	0.3439153439153439	0.11551155115511551	0.33003300330033003	0.21574344023323616	0.3236151603498542	0.3135593220338983	0.3389830508474576	0.10638297872340426	0.26595744680851063	0.3116591928251121	0.273542600896861	0.26118067978533094	0.08602150537634409	0.20958083832335328	0.25149700598802394	0.23370577281191807	0.24246395806028834
NC_034284.1_Rhoval	NC 034284.1 Rhoval	126	0.8796870810999998	exact_or_mapped	0.2515090543259557	0.3008849557522124	0.35398230088495575	0.1509433962264151	0.3018867924528302	0.421875	0.41015625	0.3815789473684211	0.35526315789473684	0.38022813688212925	0.3816793893129771	0.3783068783068783	0.34656084656084657	0.0858085808580858	0.33663366336633666	0.22740524781341107	0.34402332361516036	0.2627118644067797	0.3220338983050847	0.09574468085106383	0.26595744680851063	0.31390134529147984	0.2713004484304933	0.26833631484794274	0.1003584229390681	0.19760479041916168	0.24550898203592814	0.2309124767225326	0.24107142857142858
KX091864.1_Rholat	KX091864.1 Rholat	127	0.8815955371999997	exact_or_mapped	0.2503488913009769	0.3141592920353982	0.3584070796460177	0.1509433962264151	0.2830188679245283	0.423828125	0.408203125	0.37719298245614036	0.34649122807017546	0.38783269961977185	0.38549618320610685	0.37037037037037035	0.34656084656084657	0.11551155115511551	0.3333333333333333	0.21865889212827988	0.32653061224489793	0.2627118644067797	0.3305084745762712	0.07446808510638298	0.2553191489361702	0.3116591928251121	0.26681614349775784	0.26118067978533094	0.1003584229390681	0.20958083832335328	0.23353293413173654	0.22811918063314712	0.2394736842105263
NC_086819.1_Hielat	NC 086819.1 Hielat	128	0.8716750539999999	exact_or_mapped	0.2466145631819237	0.29646017699115046	0.34513274336283184	0.11320754716981132	0.32075471698113206	0.41796875	0.40625	0.38596491228070173	0.3508771929824561	0.3840304182509506	0.3816793893129771	0.3862433862433862	0.3492063492063492	0.066006600660066	0.33003300330033003	0.20408163265306123	0.34110787172011664	0.288135593220339	0.3220338983050847	0.1276595744680851	0.26595744680851063	0.3071748878923767	0.2713004484304933	0.26654740608228983	0.08602150537634409	0.19760479041916168	0.25748502994011974	0.22811918063314712	0.2318471337579618
OL414959.1_Hiespe	OL414959.1 Hiespe	129	0.8701844847999999	exact_or_mapped	0.24599551187804689	0.3008849557522124	0.36283185840707965	0.1320754716981132	0.32075471698113206	0.421875	0.41015625	0.3991228070175439	0.35526315789473684	0.39543726235741444	0.3816793893129771	0.3941798941798942	0.35185185185185186	0.0627062706270627	0.3333333333333333	0.23615160349854228	0.3469387755102041	0.3050847457627119	0.3389830508474576	0.10638297872340426	0.26595744680851063	0.3094170403587444	0.273542600896861	0.26118067978533094	0.06810035842293907	0.20359281437125748	0.2634730538922156	0.21880819366852886	0.2445859872611465
NC_065746.1_Hiezha	NC 065746.1 Hiezha	130	0.8819072902999999	exact_or_mapped	0.2419130165609039	0.2831858407079646	0.3495575221238938	0.1509433962264151	0.3018867924528302	0.41796875	0.41015625	0.3684210526315789	0.35964912280701755	0.38022813688212925	0.3816793893129771	0.3941798941798942	0.3492063492063492	0.066006600660066	0.33003300330033003	0.21574344023323616	0.3236151603498542	0.2627118644067797	0.3135593220338983	0.07446808510638298	0.2553191489361702	0.3116591928251121	0.2713004484304933	0.25760286225402507	0.07168458781362007	0.2155688622754491	0.25149700598802394	0.2309124767225326	0.2461734693877551
OK542392.1_Hielon	OK542392.1 Hielon	131	0.8807960802	exact_or_mapped	0.24364538127712337	0.3008849557522124	0.3407079646017699	0.16981132075471697	0.37735849056603776	0.416015625	0.40234375	0.37280701754385964	0.34649122807017546	0.3726235741444867	0.37786259541984735	0.36507936507936506	0.34656084656084657	0.08250825082508251	0.32673267326732675	0.23323615160349853	0.33527696793002915	0.2627118644067797	0.3474576271186441	0.0851063829787234	0.2765957446808511	0.3094170403587444	0.273542600896861	0.26654740608228983	0.05913978494623656	0.19161676646706588	0.25149700598802394	0.22811918063314712	0.23890339425587467
NC_051489.1_Rholon	NC 051489.1 Rholon	132	0.8791315742	exact_or_mapped	0.2433356648791482	0.3008849557522124	0.3407079646017699	0.1320754716981132	0.3584905660377358	0.423828125	0.408203125	0.37719298245614036	0.34649122807017546	0.38022813688212925	0.37786259541984735	0.36243386243386244	0.3439153439153439	0.07920792079207921	0.33003300330033003	0.23615160349854228	0.33527696793002915	0.2627118644067797	0.3474576271186441	0.0851063829787234	0.2765957446808511	0.3116591928251121	0.2713004484304933	0.26475849731663686	0.043010752688172046	0.18562874251497005	0.24550898203592814	0.2271880819366853	0.24142661179698216
NC_065745.1_Hiechi	NC 065745.1 Hiechi	133	0.8690194905999999	exact_or_mapped	0.24481424148606812	0.3053097345132743	0.3495575221238938	0.20754716981132076	0.3018867924528302	0.42578125	0.41015625	0.38596491228070173	0.35526315789473684	0.3840304182509506	0.37786259541984735	0.3783068783068783	0.3412698412698413	0.0891089108910891	0.3333333333333333	0.2099125364431487	0.33819241982507287	0.2966101694915254	0.3389830508474576	0.0851063829787234	0.26595744680851063	0.3101123595505618	0.27640449438202247	0.26118067978533094	0.05734767025089606	0.19760479041916168	0.23353293413173654	0.2346368715083799	0.23439490445859873
NC_029326.1_Hiefor	NC 029326.1 Hiefor	134	0.8663788901999999	exact_or_mapped	0.24585977402878811	0.3053097345132743	0.34513274336283184	0.18867924528301888	0.32075471698113206	0.421875	0.408203125	0.39035087719298245	0.35526315789473684	0.38783269961977185	0.38549618320610685	0.3862433862433862	0.3412698412698413	0.0891089108910891	0.3333333333333333	0.2099125364431487	0.34110787172011664	0.3050847457627119	0.3305084745762712	0.07446808510638298	0.26595744680851063	0.3094170403587444	0.273542600896861	0.2629695885509839	0.06810035842293907	0.19161676646706588	0.23952095808383234	0.23019571295433364	0.2318471337579618
KX434864.1_Idodia	KX434864.1 Idodia	135	1.0711929324999998	exact_or_mapped	0.25773915742105674	0.2831858407079646	0.3407079646017699	0.17307692307692307	0.21153846153846154	0.396484375	0.40234375	0.39473684210526316	0.34649122807017546	0.33840304182509506	0.35877862595419846	0.34656084656084657	0.3412698412698413	0.132013201320132	0.3102310231023102	0.25072886297376096	0.3469387755102041	0.2542372881355932	0.3135593220338983	0.14893617021276595	0.2553191489361702	0.30337078651685395	0.25617977528089886	0.24686940966010734	0.12365591397849462	0.2275449101796407	0.25748502994011974	0.22969187675070027	0.24605263157894736
KX434828.1_Blemen	KX434828.1 Blemen	136	0.9366004809999998	exact_or_mapped	0.25551927860696516	0.3053097345132743	0.35398230088495575	0.07547169811320754	0.2641509433962264	0.412	0.402	0.4166666666666667	0.3508771929824561	0.38783269961977185	0.37404580152671757	0.3835978835978836	0.3386243386243386	0.07590759075907591	0.33003300330033003	0.2653061224489796	0.33819241982507287	0.3050847457627119	0.3220338983050847	0.14893617021276595	0.26595744680851063	0.30493273542600896	0.2802690582959641	0.26833631484794274	0.10931899641577061	0.2275449101796407	0.25149700598802394	0.22811918063314712	0.24540682414698162
KX434824.1_Idolat	KX434824.1 Idolat	137	0.9422299513999999	exact_or_mapped	0.25932821348227447	0.30973451327433627	0.3407079646017699	0.15384615384615385	0.3269230769230769	0.4140625	0.400390625	0.39473684210526316	0.32894736842105265	0.40304182509505704	0.37404580152671757	0.3915343915343915	0.3544973544973545	0.10561056105610561	0.3201320132013201	0.2565597667638484	0.3294460641399417	0.2627118644067797	0.3135593220338983	0.1702127659574468	0.2765957446808511	0.3056179775280899	0.2713004484304933	0.26475849731663686	0.10215053763440861	0.20359281437125748	0.2215568862275449	0.2383612662942272	0.25495376486129456
KX434825.1_Emppen	KX434825.1 Emppen	138	0.8959838281999999	exact_or_mapped	0.25717610550814585	0.2743362831858407	0.3407079646017699	0.20754716981132076	0.2830188679245283	0.42578125	0.40234375	0.41228070175438597	0.34210526315789475	0.3840304182509506	0.38549618320610685	0.3941798941798942	0.3412698412698413	0.1353135313531353	0.32673267326732675	0.23684210526315788	0.3304093567251462	0.2627118644067797	0.3305084745762712	0.13829787234042554	0.2765957446808511	0.30493273542600896	0.26905829596412556	0.26475849731663686	0.11648745519713262	0.19161676646706588	0.2215568862275449	0.22625698324022347	0.247682119205298
KX434815.1_Gongon	KX434815.1 Gongon	139	1.039792664	exact_or_mapped	0.23802476828413427	0.2831858407079646	0.3185840707964602	0.09433962264150944	0.18867924528301888	0.412	0.396	0.35526315789473684	0.32456140350877194	0.34220532319391633	0.366412213740458	0.3439153439153439	0.35185185185185186	0.0858085808580858	0.3069306930693069	0.22514619883040934	0.3157894736842105	0.2542372881355932	0.3305084745762712	0.0851063829787234	0.26595744680851063	0.2972972972972973	0.25	0.24865831842576028	0.08064516129032258	0.20481927710843373	0.2289156626506024	0.20503261882572227	0.2363150867823765
NC_086795.1_Phypar	NC 086795.1 Phypar	140	0.967688782	exact_or_mapped	0.2526340254105981	0.2831858407079646	0.35398230088495575	0.11320754716981132	0.32075471698113206	0.4140625	0.41015625	0.4166666666666667	0.30701754385964913	0.35361216730038025	0.36259541984732824	0.35978835978835977	0.3439153439153439	0.10231023102310231	0.3201320132013201	0.2303206997084548	0.33527696793002915	0.2966101694915254	0.3050847457627119	0.1595744680851064	0.2553191489361702	0.31390134529147984	0.2623318385650224	0.25402504472271914	0.0985663082437276	0.19879518072289157	0.23493975903614459	0.21828358208955223	0.24129032258064517
NC_037235.1_Sibpre	NC 037235.1 Sibpre	141	0.848291497	exact_or_mapped	0.2537406000465152	0.3141592920353982	0.35398230088495575	0.1320754716981132	0.32075471698113206	0.408203125	0.41015625	0.42105263157894735	0.33771929824561403	0.4068441064638783	0.3931297709923664	0.37566137566137564	0.3439153439153439	0.1254125412541254	0.3234323432343234	0.2565597667638484	0.31486880466472306	0.288135593220339	0.3135593220338983	0.1276595744680851	0.26595744680851063	0.31614349775784756	0.28475336322869954	0.26833631484794274	0.0967741935483871	0.17365269461077845	0.2155688622754491	0.22532588454376165	0.24704336399474375
PP072307.1_Odospe	PP072307.1 Odospe	142	0.9712474901	exact_or_mapped	0.2348432055749129	0.25663716814159293	0.3407079646017699	0.11320754716981132	0.22641509433962265	0.39453125	0.40625	0.3815789473684211	0.34649122807017546	0.39923954372623577	0.38549618320610685	0.373015873015873	0.3386243386243386	0.052805280528052806	0.31683168316831684	0.21574344023323616	0.31486880466472306	0.2796610169491525	0.288135593220339	0.0851063829787234	0.26595744680851063	0.3094170403587444	0.24439461883408073	0.24865831842576028	0.07168458781362007	0.19161676646706588	0.20958083832335328	0.21508379888268156	0.22908622908622908
NC_030268.1_Anazhe	NC 030268.1 Anazhe	143	0.9705040345	exact_or_mapped	0.2287748626267317	0.27876106194690264	0.35398230088495575	0.09433962264150944	0.20754716981132076	0.384765625	0.40234375	0.38596491228070173	0.34210526315789475	0.3726235741444867	0.37404580152671757	0.3544973544973545	0.3412698412698413	0.036303630363036306	0.3201320132013201	0.2099125364431487	0.3119533527696793	0.2627118644067797	0.3050847457627119	0.09574468085106383	0.26595744680851063	0.31390134529147984	0.25112107623318386	0.259391771019678	0.05913978494623656	0.17365269461077845	0.2275449101796407	0.21787709497206703	0.20945083014048532
NC_086822.1_Anasin	NC 086822.1 Anasin	144	0.9097964076	exact_or_mapped	0.2386996904024768	0.2831858407079646	0.35398230088495575	0.22641509433962265	0.20754716981132076	0.419921875	0.412109375	0.3815789473684211	0.35964912280701755	0.3916349809885932	0.37404580152671757	0.3835978835978836	0.34656084656084657	0.07260726072607261	0.31353135313531355	0.22448979591836735	0.33527696793002915	0.2966101694915254	0.2966101694915254	0.07446808510638298	0.24468085106382978	0.3071748878923767	0.24439461883408073	0.27191413237924866	0.04838709677419355	0.20958083832335328	0.23952095808383234	0.20949720670391062	0.21227621483375958
NC_086826.1_Anatia	NC 086826.1 Anatia	145	0.9148155807	exact_or_mapped	0.23803994426381792	0.2920353982300885	0.3495575221238938	0.1320754716981132	0.22641509433962265	0.40234375	0.412109375	0.3815789473684211	0.35526315789473684	0.38022813688212925	0.37786259541984735	0.3862433862433862	0.3492063492063492	0.0891089108910891	0.31353135313531355	0.22448979591836735	0.33819241982507287	0.2966101694915254	0.3135593220338983	0.05319148936170213	0.24468085106382978	0.31390134529147984	0.25112107623318386	0.26654740608228983	0.05913978494623656	0.18562874251497005	0.2215568862275449	0.2132216014897579	0.2141025641025641
OM202555.1_Anagra	OM202555.1 Anagra	146	0.9162792044000001	exact_or_mapped	0.23525313516024152	0.2920353982300885	0.35398230088495575	0.1509433962264151	0.2641509433962264	0.400390625	0.408203125	0.38596491228070173	0.35526315789473684	0.3916349809885932	0.3816793893129771	0.373015873015873	0.35185185185185186	0.07260726072607261	0.31353135313531355	0.22157434402332363	0.33527696793002915	0.288135593220339	0.2966101694915254	0.06382978723404255	0.24468085106382978	0.31390134529147984	0.25112107623318386	0.26475849731663686	0.05017921146953405	0.17964071856287425	0.2275449101796407	0.2085661080074488	0.20384615384615384
OM202554.1_Anaspe	OM202554.1 Anaspe	147	0.9128841958000001	exact_or_mapped	0.237730298807865	0.2831858407079646	0.35398230088495575	0.1509433962264151	0.2641509433962264	0.41015625	0.412109375	0.37719298245614036	0.35526315789473684	0.3840304182509506	0.37786259541984735	0.37566137566137564	0.3492063492063492	0.07260726072607261	0.31353135313531355	0.22157434402332363	0.33527696793002915	0.2711864406779661	0.3135593220338983	0.06382978723404255	0.24468085106382978	0.31390134529147984	0.2533632286995516	0.27549194991055453	0.06093189964157706	0.18562874251497005	0.2275449101796407	0.2122905027932961	0.2128205128205128
KX434870.1_Pardav	KX434870.1 Pardav	148	0.8950102701	exact_or_mapped	0.25224945702761403	0.3274336283185841	0.35398230088495575	0.20754716981132076	0.2830188679245283	0.423828125	0.404296875	0.42105263157894735	0.34210526315789475	0.39543726235741444	0.38549618320610685	0.3888888888888889	0.3412698412698413	0.0891089108910891	0.33003300330033003	0.23615160349854228	0.32653061224489793	0.2796610169491525	0.3220338983050847	0.0851063829787234	0.2553191489361702	0.3071748878923767	0.25112107623318386	0.2629695885509839	0.06810035842293907	0.20958083832335328	0.2275449101796407	0.2383612662942272	0.253315649867374
MG888449.1_Hymcor	MG888449.1 Hymcor	149	0.9084328067	exact_or_mapped	0.2503289728307144	0.30973451327433627	0.3495575221238938	0.1320754716981132	0.2830188679245283	0.419921875	0.404296875	0.42105263157894735	0.33771929824561403	0.39923954372623577	0.3893129770992366	0.3888888888888889	0.3439153439153439	0.0627062706270627	0.3333333333333333	0.23323615160349853	0.32653061224489793	0.2796610169491525	0.3220338983050847	0.0851063829787234	0.2553191489361702	0.30269058295964124	0.24887892376681614	0.26118067978533094	0.08960573476702509	0.2155688622754491	0.2275449101796407	0.22532588454376165	0.2471190781049936
KX434861.1_Hymcor	KX434861.1 Hymcor	150	0.9158304166	exact_or_mapped	0.2527906976744186	0.3274336283185841	0.3495575221238938	0.09433962264150944	0.3018867924528302	0.427734375	0.404296875	0.4342105263157895	0.33771929824561403	0.39543726235741444	0.3931297709923664	0.38095238095238093	0.3439153439153439	0.0627062706270627	0.33663366336633666	0.2303206997084548	0.3236151603498542	0.2711864406779661	0.3135593220338983	0.1276595744680851	0.2553191489361702	0.30269058295964124	0.25112107623318386	0.26654740608228983	0.10215053763440861	0.20958083832335328	0.2275449101796407	0.22532588454376165	0.24934383202099739
KX434818.1_Therub	KX434818.1 Therub	151	0.9952830202	exact_or_mapped	0.24862221532251805	0.3185840707964602	0.3495575221238938	0.16981132075471697	0.2641509433962264	0.42578125	0.40234375	0.4166666666666667	0.34649122807017546	0.3650190114068441	0.37786259541984735	0.4021164021164021	0.35714285714285715	0.09570957095709572	0.33003300330033003	0.239067055393586	0.3177842565597668	0.3135593220338983	0.288135593220339	0.0425531914893617	0.2553191489361702	0.3004484304932735	0.24943820224719102	0.2737030411449016	0.06272401433691756	0.20958083832335328	0.2155688622754491	0.22439478584729983	0.23726541554959785
KY689125.1_Theele	KY689125.1 Theele	152	0.9985921799	exact_or_mapped	0.2470150410916421	0.2920353982300885	0.3495575221238938	0.11320754716981132	0.2830188679245283	0.427734375	0.404296875	0.42543859649122806	0.34210526315789475	0.3688212927756654	0.366412213740458	0.38095238095238093	0.3492063492063492	0.0858085808580858	0.3234323432343234	0.21865889212827988	0.3119533527696793	0.3220338983050847	0.3050847457627119	0.1276595744680851	0.2553191489361702	0.3004484304932735	0.2600896860986547	0.26475849731663686	0.07885304659498207	0.18787878787878787	0.24848484848484848	0.2206703910614525	0.2310704960835509
OM202564.1_Thespe	OM202564.1 Thespe	153	1.0281314824	exact_or_mapped	0.249941891996591	0.3141592920353982	0.34513274336283184	0.12	0.22	0.41796875	0.3984375	0.3991228070175439	0.34210526315789475	0.376425855513308	0.37404580152671757	0.37037037037037035	0.3412698412698413	0.09570957095709572	0.3333333333333333	0.2478134110787172	0.3294460641399417	0.2711864406779661	0.2966101694915254	0.06382978723404255	0.2765957446808511	0.3071748878923767	0.25112107623318386	0.28622540250447226	0.0913978494623656	0.2275449101796407	0.2215568862275449	0.22160148975791433	0.23136246786632392
NC_086823.1_Thesin	NC 086823.1 Thesin	154	1.0281013539000001	exact_or_mapped	0.24924506387921022	0.28761061946902655	0.34513274336283184	0.1320754716981132	0.20754716981132076	0.408203125	0.400390625	0.3991228070175439	0.3333333333333333	0.376425855513308	0.36259541984732824	0.37037037037037035	0.3439153439153439	0.1254125412541254	0.33993399339933994	0.25072886297376096	0.3294460641399417	0.2711864406779661	0.288135593220339	0.07446808510638298	0.2765957446808511	0.30269058295964124	0.24887892376681614	0.26475849731663686	0.0931899641577061	0.19161676646706588	0.2215568862275449	0.22532588454376165	0.24324324324324326
KX434829.1_Thecat	KX434829.1 Thecat	155	1.0372834966	exact_or_mapped	0.24858406393048335	0.3008849557522124	0.3495575221238938	0.1320754716981132	0.20754716981132076	0.41796875	0.40234375	0.38596491228070173	0.34210526315789475	0.3726235741444867	0.366412213740458	0.36772486772486773	0.3386243386243386	0.0891089108910891	0.33663366336633666	0.2478134110787172	0.33819241982507287	0.2711864406779661	0.2966101694915254	0.07446808510638298	0.2553191489361702	0.3094170403587444	0.2556053811659193	0.2808586762075134	0.08602150537634409	0.17365269461077845	0.23952095808383234	0.22905027932960895	0.22769640479360853
KX434811.1_Psewah	KX434811.1 Psewah	156	0.9697017325999999	exact_or_mapped	0.24422157799890307	0.2743362831858407	0.3584070796460177	0.11320754716981132	0.24528301886792453	0.404296875	0.404296875	0.41228070175438597	0.33771929824561403	0.3650190114068441	0.37786259541984735	0.36772486772486773	0.3439153439153439	0.0858085808580858	0.3234323432343234	0.22157434402332363	0.3177842565597668	0.288135593220339	0.2966101694915254	0.10638297872340426	0.2765957446808511	0.3071748878923767	0.27802690582959644	0.26654740608228983	0.06093189964157706	0.19161676646706588	0.2275449101796407	0.2271880819366853	0.2544
PP438770.1_Panfra	PP438770.1 Panfra	157	0.9852650918	exact_or_mapped	0.24294536074415696	0.27876106194690264	0.3495575221238938	0.07547169811320754	0.20754716981132076	0.419921875	0.400390625	0.37777777777777777	0.3333333333333333	0.3716475095785441	0.36153846153846153	0.3698630136986301	0.3452054794520548	0.0858085808580858	0.3234323432343234	0.24198250728862974	0.3177842565597668	0.3103448275862069	0.29310344827586204	0.0989010989010989	0.26373626373626374	0.31264367816091954	0.2620689655172414	0.26475849731663686	0.06989247311827956	0.20625	0.24375	0.22253258845437615	0.2365038560411311
PP438767.1_Chlles	PP438767.1 Chlles	158	1.0196424913	exact_or_mapped	0.2346316283435007	0.2818181818181818	0.33636363636363636	0.1509433962264151	0.18867924528301888	0.39453125	0.400390625	0.36444444444444446	0.3288888888888889	0.3436293436293436	0.35271317829457366	0.35342465753424657	0.3452054794520548	0.066006600660066	0.31353135313531355	0.22740524781341107	0.29737609329446063	0.2543859649122807	0.30701754385964913	0.043478260869565216	0.25	0.31494252873563217	0.2735632183908046	0.26654740608228983	0.053763440860215055	0.16766467065868262	0.2275449101796407	0.2169459962756052	0.23037323037323038
NC_037234.1_Crejia	NC 037234.1 Crejia	159	0.9470953854	exact_or_mapped	0.24660405185127687	0.3053097345132743	0.3495575221238938	0.16981132075471697	0.3018867924528302	0.400390625	0.40625	0.37719298245614036	0.33771929824561403	0.3726235741444867	0.3816793893129771	0.37566137566137564	0.3386243386243386	0.0627062706270627	0.31683168316831684	0.2303206997084548	0.33527696793002915	0.2711864406779661	0.3050847457627119	0.09195402298850575	0.27586206896551724	0.30269058295964124	0.25112107623318386	0.26118067978533094	0.08422939068100359	0.2215568862275449	0.2215568862275449	0.22998137802607077	0.2584856396866841
NC_030267.1_Cregem	NC 030267.1 Cregem	160	0.9522154585	exact_or_mapped	0.24519975224527718	0.3053097345132743	0.34513274336283184	0.1509433962264151	0.3018867924528302	0.400390625	0.408203125	0.39035087719298245	0.34210526315789475	0.3688212927756654	0.38549618320610685	0.3783068783068783	0.3386243386243386	0.07590759075907591	0.31683168316831684	0.2303206997084548	0.33819241982507287	0.2966101694915254	0.288135593220339	0.0851063829787234	0.2872340425531915	0.30493273542600896	0.24887892376681614	0.25760286225402507	0.07885304659498207	0.17964071856287425	0.23952095808383234	0.2271880819366853	0.2609254498714653
KX091851.1_Creelo	KX091851.1 Creelo	161	0.964492911	exact_or_mapped	0.246027439733354	0.2743362831858407	0.3495575221238938	0.18867924528301888	0.2830188679245283	0.408203125	0.40625	0.3815789473684211	0.35964912280701755	0.376425855513308	0.3816793893129771	0.37037037037037035	0.34656084656084657	0.07920792079207921	0.3234323432343234	0.25072886297376096	0.34110787172011664	0.288135593220339	0.2966101694915254	0.07446808510638298	0.26595744680851063	0.30269058295964124	0.2556053811659193	0.26118067978533094	0.06630824372759857	0.20359281437125748	0.2155688622754491	0.2309124767225326	0.2621231979030144
MW222469.1_Crespe	MW222469.1 Crespe	162	0.9615031772000001	exact_or_mapped	0.24312175463070604	0.2831858407079646	0.3495575221238938	0.16981132075471697	0.2830188679245283	0.41015625	0.40625	0.3815789473684211	0.35526315789473684	0.38022813688212925	0.37404580152671757	0.38095238095238093	0.3386243386243386	0.08250825082508251	0.32673267326732675	0.23323615160349853	0.3236151603498542	0.2542372881355932	0.3220338983050847	0.10638297872340426	0.2872340425531915	0.3094170403587444	0.2556053811659193	0.2629695885509839	0.05734767025089606	0.16766467065868262	0.2275449101796407	0.2309124767225326	0.265359477124183
KX434867.1_Creapi	KX434867.1 Creapi	163	0.9622137927000001	exact_or_mapped	0.24286821705426356	0.2831858407079646	0.3495575221238938	0.16981132075471697	0.2830188679245283	0.41015625	0.40625	0.3815789473684211	0.35526315789473684	0.38022813688212925	0.3702290076335878	0.38095238095238093	0.3386243386243386	0.08250825082508251	0.32673267326732675	0.23323615160349853	0.3236151603498542	0.2542372881355932	0.3220338983050847	0.11702127659574468	0.2872340425531915	0.3116591928251121	0.2533632286995516	0.2629695885509839	0.05734767025089606	0.16766467065868262	0.23353293413173654	0.2309124767225326	0.26474442988204455
NC_086621.1_Otoscu	NC 086621.1 Otoscu	164	0.8773379772000001	exact_or_mapped	0.23966878192230304	0.27876106194690264	0.3495575221238938	0.1320754716981132	0.3018867924528302	0.419921875	0.40234375	0.39035087719298245	0.3333333333333333	0.3574144486692015	0.37786259541984735	0.38095238095238093	0.335978835978836	0.0858085808580858	0.3201320132013201	0.2565597667638484	0.3323615160349854	0.2457627118644068	0.288135593220339	0.031914893617021274	0.23404255319148937	0.3094170403587444	0.24663677130044842	0.25760286225402507	0.06989247311827956	0.19161676646706588	0.2155688622754491	0.21601489757914338	0.22448979591836735
KX434856.1_Otospe	KX434856.1 Otospe	165	0.8778122896	exact_or_mapped	0.23967443068663954	0.2743362831858407	0.3495575221238938	0.1320754716981132	0.3018867924528302	0.419921875	0.40234375	0.39035087719298245	0.3333333333333333	0.3574144486692015	0.37786259541984735	0.38095238095238093	0.335978835978836	0.0858085808580858	0.3201320132013201			0.2457627118644068	0.288135593220339	0.031914893617021274	0.23404255319148937	0.3094170403587444	0.24663677130044842	0.25760286225402507	0.06810035842293907	0.20359281437125748	0.2275449101796407	0.21508379888268156	0.2505694760820046
NC_045876.1_Psybor	NC 045876.1 Psybor	166	0.8577963635000001	exact_or_mapped	0.2527693856998993	0.3053097345132743	0.36283185840707965	0.11320754716981132	0.32075471698113206	0.412109375	0.40234375	0.39035087719298245	0.34649122807017546	0.38783269961977185	0.38549618320610685	0.3941798941798942	0.3439153439153439	0.0924092409240924	0.3234323432343234	0.239067055393586	0.3119533527696793	0.2966101694915254	0.3305084745762712	0.11702127659574468	0.26595744680851063	0.3071748878923767	0.2600896860986547	0.2701252236135957	0.08781362007168458	0.17964071856287425	0.2215568862275449	0.22439478584729983	0.2490272373540856
NC_069809.1_Citfal	NC 069809.1 Citfal	167	0.8566534962000001	exact_or_mapped	0.24461490779482412	0.2920353982300885	0.3584070796460177	0.20754716981132076	0.32075471698113206	0.408203125	0.40625	0.40350877192982454	0.34649122807017546	0.3840304182509506	0.3816793893129771	0.3915343915343915	0.3439153439153439	0.0858085808580858	0.32673267326732675	0.24198250728862974	0.33819241982507287	0.3050847457627119	0.3135593220338983	0.10638297872340426	0.2553191489361702	0.3071748878923767	0.2757847533632287	0.25760286225402507	0.05555555555555555	0.2215568862275449	0.23353293413173654	0.2206703910614525	0.23177083333333334
NC_086817.1_Acrhes	NC 086817.1 Acrhes	168	0.8606824808000001	exact_or_mapped	0.24750174297002092	0.28761061946902655	0.36283185840707965	0.16	0.3	0.412109375	0.404296875	0.3991228070175439	0.34649122807017546	0.39543726235741444	0.3893129770992366	0.3862433862433862	0.3439153439153439	0.0627062706270627	0.3234323432343234	0.2565597667638484	0.34402332361516036	0.2796610169491525	0.3220338983050847	0.0851063829787234	0.24468085106382978	0.3094170403587444	0.273542600896861	0.26475849731663686	0.08243727598566308	0.2275449101796407	0.24550898203592814	0.21973929236499068	0.23717948717948717
NC_085562.1_Acrjap	NC 085562.1 Acrjap	169	0.8534703403000001	exact_or_mapped	0.24537359659310878	0.2831858407079646	0.36283185840707965	0.18867924528301888	0.2830188679245283	0.41796875	0.404296875	0.3991228070175439	0.34649122807017546	0.3840304182509506	0.38549618320610685	0.3915343915343915	0.3439153439153439	0.06930693069306931	0.3234323432343234	0.2565597667638484	0.34110787172011664	0.2966101694915254	0.3220338983050847	0.0425531914893617	0.24468085106382978	0.3071748878923767	0.2713004484304933	0.26654740608228983	0.0931899641577061	0.2155688622754491	0.24550898203592814	0.22160148975791433	0.22908622908622908
PP072306.1_Majmou	PP072306.1 Majmou	170	0.9125944272	exact_or_mapped	0.2505613627564847	0.3053097345132743	0.3584070796460177	0.18867924528301888	0.2830188679245283	0.41796875	0.412109375	0.41228070175438597	0.34649122807017546	0.3650190114068441	0.3931297709923664	0.36772486772486773	0.3386243386243386	0.0891089108910891	0.32673267326732675	0.22740524781341107	0.3177842565597668	0.2796610169491525	0.3135593220338983	0.11702127659574468	0.2553191489361702	0.3071748878923767	0.27802690582959644	0.2670250896057348	0.0843806104129264	0.19760479041916168	0.25149700598802394	0.22253258845437615	0.22564102564102564
MG888436.1_Ambpar	MG888436.1 Ambpar	171	0.8138367565000001	exact_or_mapped	0.24918718067812354	0.3053097345132743	0.3584070796460177	0.16981132075471697	0.32075471698113206	0.4296875	0.404296875	0.4298245614035088	0.3508771929824561	0.40304182509505704	0.3893129770992366	0.40476190476190477	0.34656084656084657	0.056105610561056105	0.3234323432343234	0.25072886297376096	0.32653061224489793	0.2711864406779661	0.3389830508474576	0.05319148936170213	0.26595744680851063	0.3071748878923767	0.2713004484304933	0.2629695885509839	0.053763440860215055	0.2155688622754491	0.2275449101796407	0.22532588454376165	0.24487179487179486
KY689128.1_Ambund	KY689128.1 Ambund	172	0.8214517321	exact_or_mapped	0.25221307656468395	0.3141592920353982	0.3584070796460177	0.1509433962264151	0.32075471698113206	0.421875	0.404296875	0.42105263157894735	0.3508771929824561	0.3840304182509506	0.3969465648854962	0.4021164021164021	0.3439153439153439	0.0924092409240924	0.32673267326732675	0.26822157434402333	0.33527696793002915	0.288135593220339	0.3389830508474576	0.03260869565217391	0.2608695652173913	0.3116591928251121	0.26905829596412556	0.26475849731663686	0.06451612903225806	0.23353293413173654	0.23353293413173654	0.22625698324022347	0.25100671140939596
MG888456.1_Parkuhasi	MG888456.1 Parkuhasi	173	1.1090242977	exact_or_mapped	0.24707523049508018	0.26666666666666666	0.3511111111111111	0.16981132075471697	0.18867924528301888	0.396484375	0.3913894324853229	0.37719298245614036	0.2982456140350877	0.34220532319391633	0.37786259541984735	0.38095238095238093	0.32275132275132273	0.12211221122112212	0.3102310231023102	0.24198250728862974	0.30116959064327486	0.23728813559322035	0.3135593220338983	0.14893617021276595	0.23404255319148937	0.29504504504504503	0.25900900900900903	0.26833631484794274	0.11290322580645161	0.20958083832335328	0.2215568862275449	0.22160148975791433	0.22179487179487178
KY689117.1_Parkuh	KY689117.1 Parkuh	174	1.109343634	exact_or_mapped	0.24710814377765702	0.26666666666666666	0.3511111111111111	0.16981132075471697	0.18867924528301888	0.396484375	0.390625	0.37719298245614036	0.2982456140350877	0.34220532319391633	0.37786259541984735	0.38095238095238093	0.32275132275132273	0.1254125412541254	0.3069306930693069	0.24198250728862974	0.30029154518950435	0.23728813559322035	0.3135593220338983	0.14893617021276595	0.23404255319148937	0.29545454545454547	0.2590909090909091	0.26833631484794274	0.11290322580645161	0.20958083832335328	0.2215568862275449	0.22087604846225536	0.2238219895287958
PP438766.1_Ceryun	PP438766.1 Ceryun	175	0.9007939320000001	exact_or_mapped	0.22445941711062362	0.2830188679245283	0.330188679245283	0.09433962264150944	0.2641509433962264	0.396484375	0.396484375	0.38222222222222224	0.3466666666666667	0.3436293436293436	0.3643410852713178	0.3589041095890411	0.3424657534246575	0.0429042904290429	0.31683168316831684	0.2303206997084548	0.30029154518950435	0.25663716814159293	0.3274336283185841	0.054945054945054944	0.27472527472527475	0.3059360730593607	0.2465753424657534	0.24329159212880144	0.03225806451612903	0.17964071856287425	0.2275449101796407	0.20763500931098697	0.23067010309278352
KX091850.1_Cersau	KX091850.1 Cersau	176	0.9010493746000001	exact_or_mapped	0.22467986030267753	0.27555555555555555	0.3333333333333333	0.09433962264150944	0.2641509433962264	0.39453125	0.396484375	0.3815789473684211	0.3508771929824561	0.34600760456273766	0.366412213740458	0.36243386243386244	0.3386243386243386	0.0429042904290429	0.31683168316831684	0.2303206997084548	0.30029154518950435	0.2542372881355932	0.3135593220338983	0.06382978723404255	0.26595744680851063	0.3004484304932735	0.24663677130044842	0.24508050089445438	0.03046594982078853	0.17964071856287425	0.2275449101796407	0.20763500931098697	0.23466666666666666
NC_069811.1_Pacbic	NC 069811.1 Pacbic	177	1.0181557658	exact_or_mapped	0.22396156230626163	0.26548672566371684	0.34513274336283184	0.1320754716981132	0.20754716981132076	0.40234375	0.400390625	0.34210526315789475	0.3201754385964912	0.33460076045627374	0.3702290076335878	0.335978835978836	0.3253968253968254	0.076158940397351	0.31456953642384106	0.239067055393586	0.32653061224489793	0.2288135593220339	0.288135593220339	0.09574468085106383	0.23404255319148937	0.30493273542600896	0.242152466367713	0.23434704830053668	0.05555555555555555	0.16766467065868262	0.2275449101796407	0.2085661080074488	0.20442708333333334
KX091855.1_Hesspe	KX091855.1 Hesspe	178	0.9491227517	exact_or_mapped	0.2343907546730784	0.2610619469026549	0.336283185840708	0.09433962264150944	0.20754716981132076	0.40234375	0.400390625	0.37280701754385964	0.34210526315789475	0.34980988593155893	0.3816793893129771	0.3783068783068783	0.3439153439153439	0.04950495049504951	0.3234323432343234	0.22740524781341107	0.31486880466472306	0.288135593220339	0.3135593220338983	0.10638297872340426	0.24468085106382978	0.3071748878923767	0.24663677130044842	0.24508050089445438	0.05197132616487455	0.19161676646706588	0.23353293413173654	0.2122905027932961	0.22119205298013245
KX434859.1_Heshof	KX434859.1 Heshof	179	0.9301909879000001	exact_or_mapped	0.24110120201628538	0.3053097345132743	0.3407079646017699	0.11320754716981132	0.16981132075471697	0.421875	0.400390625	0.37719298245614036	0.34210526315789475	0.34220532319391633	0.3816793893129771	0.373015873015873	0.3439153439153439	0.08250825082508251	0.31353135313531355	0.24489795918367346	0.3206997084548105	0.3135593220338983	0.3050847457627119	0.11702127659574468	0.24468085106382978	0.30493273542600896	0.24887892376681614	0.2558139534883721	0.05017921146953405	0.2215568862275449	0.24550898203592814	0.2132216014897579	0.22060766182298547
PP438763.1_Astbas	PP438763.1 Astbas	180	0.9299639547000002	exact_or_mapped	0.24031372549019608	0.2863849765258216	0.3474178403755869	0.11320754716981132	0.18867924528301888	0.416015625	0.400390625	0.38222222222222224	0.3466666666666667	0.3716475095785441	0.38846153846153847	0.3698630136986301	0.34794520547945207	0.07590759075907591	0.3234323432343234	0.22448979591836735	0.3236151603498542	0.2831858407079646	0.30973451327433627	0.07692307692307693	0.26373626373626374	0.3080459770114943	0.25287356321839083	0.25760286225402507	0.053763440860215055	0.18518518518518517	0.21604938271604937	0.2122905027932961	0.22136422136422138
NC_086830.1_Astmaj	NC 086830.1 Astmaj	181	0.9299639547000002	exact_or_mapped	0.23960671982658513	0.2831858407079646	0.3495575221238938	0.11320754716981132	0.18867924528301888	0.416015625	0.400390625	0.3815789473684211	0.34649122807017546	0.3688212927756654	0.3893129770992366	0.36772486772486773	0.3439153439153439	0.07590759075907591	0.3234323432343234	0.22448979591836735	0.3236151603498542	0.2796610169491525	0.3050847457627119	0.0851063829787234	0.2553191489361702	0.3004484304932735	0.24663677130044842	0.25760286225402507	0.053763440860215055	0.19161676646706588	0.2155688622754491	0.2122905027932961	0.220795892169448
PP438765.1_Cermac	PP438765.1 Cermac	182	1.1509621838	exact_or_mapped	0.25054996857322437	0.29107981220657275	0.3427230046948357	0.18867924528301888	0.2641509433962264	0.4296875	0.40234375	0.37168141592920356	0.3274336283185841	0.35135135135135137	0.3682170542635659	0.3527777777777778	0.3527777777777778	0.12871287128712872	0.3234323432343234	0.23738872403560832	0.34718100890207715	0.29464285714285715	0.3125	0.09782608695652174	0.21739130434782608	0.30045871559633025	0.25688073394495414	0.2522361359570662	0.08064516129032258	0.23952095808383234	0.25149700598802394	0.2169459962756052	0.23834196891191708
KY689119.1_Physpe	KY689119.1 Physpe	183	1.1204822765	exact_or_mapped	0.2463565891472868	0.26548672566371684	0.3495575221238938	0.16981132075471697	0.2641509433962264	0.4296875	0.400390625	0.37719298245614036	0.32894736842105265	0.34600760456273766	0.35877862595419846	0.3544973544973545	0.34656084656084657	0.1188118811881188	0.31353135313531355	0.2536443148688047	0.33819241982507287	0.2796610169491525	0.3135593220338983	0.09574468085106383	0.22340425531914893	0.2982062780269058	0.2556053811659193	0.2504472271914132	0.07168458781362007	0.2275449101796407	0.2754491017964072	0.21880819366852886	0.23622047244094488
NC_086622.1_Phybre	NC 086622.1 Phybre	184	1.0190596703	exact_or_mapped	0.24748022949294465	0.28761061946902655	0.3584070796460177	0.1509433962264151	0.20754716981132076	0.404296875	0.390625	0.37280701754385964	0.35526315789473684	0.3688212927756654	0.37786259541984735	0.36243386243386244	0.3386243386243386	0.10738255033557047	0.3177257525083612	0.22448979591836735	0.31486880466472306	0.2711864406779661	0.3389830508474576	0.14893617021276595	0.26595744680851063	0.29596412556053814	0.257847533632287	0.23971377459749552	0.07168458781362007	0.20481927710843373	0.2289156626506024	0.2271880819366853	0.23711340206185566
MT024239.1_Phybre2	MT024239.1 Phybre2	185	0.9951949624	exact_or_mapped	0.249941620611816	0.2920353982300885	0.34513274336283184	0.18867924528301888	0.24528301886792453	0.400390625	0.396484375	0.3991228070175439	0.36403508771929827	0.376425855513308	0.3893129770992366	0.37037037037037035	0.3333333333333333	0.1188118811881188	0.31683168316831684	0.22448979591836735	0.3206997084548105	0.2796610169491525	0.3305084745762712	0.10638297872340426	0.24468085106382978	0.30337078651685395	0.2600896860986547	0.2504472271914132	0.1039426523297491	0.18674698795180722	0.20481927710843373	0.22998137802607077	0.2426367461430575
NC_086825.1_Phywer	NC 086825.1 Phywer	186	0.9364905009000001	exact_or_mapped	0.2577671031223367	0.3141592920353982	0.336283185840708	0.11320754716981132	0.3018867924528302	0.412109375	0.40234375	0.39035087719298245	0.33771929824561403	0.38022813688212925	0.3893129770992366	0.3915343915343915	0.34656084656084657	0.13861386138613863	0.3333333333333333	0.24561403508771928	0.32748538011695905	0.2796610169491525	0.3389830508474576	0.14893617021276595	0.2553191489361702	0.31390134529147984	0.2645739910313901	0.25806451612903225	0.09874326750448834	0.19879518072289157	0.23493975903614459	0.22532588454376165	0.22879177377892032
NC_086824.1_Physin	NC 086824.1 Physin	187	0.9710296960000001	exact_or_mapped	0.26687330492057343	0.3141592920353982	0.3584070796460177	0.1320754716981132	0.22641509433962265	0.41015625	0.404296875	0.3991228070175439	0.3508771929824561	0.3650190114068441	0.38549618320610685	0.4021164021164021	0.34656084656084657	0.12211221122112212	0.3201320132013201	0.20408163265306123	0.3498542274052478	0.2711864406779661	0.3305084745762712	0.22340425531914893	0.2765957446808511	0.3235955056179775	0.2600896860986547	0.28622540250447226	0.12186379928315412	0.23030303030303031	0.24242424242424243	0.23649906890130354	0.23126614987080105
KX091863.1_Physha	KX091863.1 Physha	188	0.9672965263000001	exact_or_mapped	0.26906631423462646	0.30973451327433627	0.35398230088495575	0.11320754716981132	0.22641509433962265	0.416015625	0.40625	0.40350877192982454	0.33771929824561403	0.3688212927756654	0.3893129770992366	0.3968253968253968	0.3492063492063492	0.1419141914191419	0.3234323432343234	0.21865889212827988	0.3556851311953353	0.2711864406779661	0.3389830508474576	0.1702127659574468	0.2765957446808511	0.32653061224489793	0.26303854875283444	0.2826475849731664	0.11469534050179211	0.19879518072289157	0.24096385542168675	0.23277467411545624	0.23687752355316286
